dataFileVersion = 4
numFileSegments = 1
minCoordinates = [
 0.000000
 0.000000
 0.000000
 ]
maxCoordinates = [
 10.000000
 10.000000
 10.000000
 ]
nodeCount = 20
dataDecompType = 2
dataDecompGeometry = [
 1
 1
 1
 ]

#
#  END OF DATA FILE PARAMETERS
#

domainDecomposition = 
# Dom_ID  Minimum XYZ bounds   Maximum XYZ bounds
  0  0.000000  0.000000  0.000000  10.000000  10.000000  10.000000
nodalData =
# Primary lines: node_tag, x, y, z, num_arms, constraint
# Secondary lines: arm_tag, burgx, burgy, burgz, nx, ny, nz
0,    0   6.000000000000   5.000000000000   5.000000000000    2    0
         0,    1   1.000000000000   0.000000000000   0.000000000000
                   0.000000000000   0.000000000000   0.000000000000
         0,   19  -1.000000000000  -0.000000000000  -0.000000000000
                   0.000000000000   0.000000000000   0.000000000000
0,    1   5.951056516295   5.309016994375   5.000000000000    2    0
         0,    0  -1.000000000000  -0.000000000000  -0.000000000000
                   0.000000000000   0.000000000000   0.000000000000
         0,    2   1.000000000000   0.000000000000   0.000000000000
                   0.000000000000   0.000000000000   0.000000000000
0,    2   5.809016994375   5.587785252292   5.000000000000    2    0
         0,    1  -1.000000000000  -0.000000000000  -0.000000000000
                   0.000000000000   0.000000000000   0.000000000000
         0,    3   1.000000000000   0.000000000000   0.000000000000
                   0.000000000000   0.000000000000   0.000000000000
0,    3   5.587785252292   5.809016994375   5.000000000000    2    0
         0,    2  -1.000000000000  -0.000000000000  -0.000000000000
                   0.000000000000   0.000000000000   0.000000000000
         0,    4   1.000000000000   0.000000000000   0.000000000000
                   0.000000000000   0.000000000000   0.000000000000
0,    4   5.309016994375   5.951056516295   5.000000000000    2    0
         0,    3  -1.000000000000  -0.000000000000  -0.000000000000
                   0.000000000000   0.000000000000   0.000000000000
         0,    5   1.000000000000   0.000000000000   0.000000000000
                   0.000000000000   0.000000000000   0.000000000000
0,    5   5.000000000000   6.000000000000   5.000000000000    2    0
         0,    4  -1.000000000000  -0.000000000000  -0.000000000000
                   0.000000000000   0.000000000000   0.000000000000
         0,    6   1.000000000000   0.000000000000   0.000000000000
                   0.000000000000   0.000000000000   0.000000000000
0,    6   4.690983005625   5.951056516295   5.000000000000    2    0
         0,    5  -1.000000000000  -0.000000000000  -0.000000000000
                   0.000000000000   0.000000000000   0.000000000000
         0,    7   1.000000000000   0.000000000000   0.000000000000
                   0.000000000000   0.000000000000   0.000000000000
0,    7   4.412214747708   5.809016994375   5.000000000000    2    0
         0,    6  -1.000000000000  -0.000000000000  -0.000000000000
                   0.000000000000   0.000000000000   0.000000000000
         0,    8   1.000000000000   0.000000000000   0.000000000000
                   0.000000000000   0.000000000000   0.000000000000
0,    8   4.190983005625   5.587785252292   5.000000000000    2    0
         0,    7  -1.000000000000  -0.000000000000  -0.000000000000
                   0.000000000000   0.000000000000   0.000000000000
         0,    9   1.000000000000   0.000000000000   0.000000000000
                   0.000000000000   0.000000000000   0.000000000000
0,    9   4.048943483705   5.309016994375   5.000000000000    2    0
         0,    8  -1.000000000000  -0.000000000000  -0.000000000000
                   0.000000000000   0.000000000000   0.000000000000
         0,   10   1.000000000000   0.000000000000   0.000000000000
                   0.000000000000   0.000000000000   0.000000000000
0,   10   4.000000000000   5.000000000000   5.000000000000    2    0
         0,    9  -1.000000000000  -0.000000000000  -0.000000000000
                   0.000000000000   0.000000000000   0.000000000000
         0,   11   1.000000000000   0.000000000000   0.000000000000
                   0.000000000000   0.000000000000   0.000000000000
0,   11   4.048943483705   4.690983005625   5.000000000000    2    0
         0,   10  -1.000000000000  -0.000000000000  -0.000000000000
                   0.000000000000   0.000000000000   0.000000000000
         0,   12   1.000000000000   0.000000000000   0.000000000000
                   0.000000000000   0.000000000000   0.000000000000
0,   12   4.190983005625   4.412214747708   5.000000000000    2    0
         0,   11  -1.000000000000  -0.000000000000  -0.000000000000
                   0.000000000000   0.000000000000   0.000000000000
         0,   13   1.000000000000   0.000000000000   0.000000000000
                   0.000000000000   0.000000000000   0.000000000000
0,   13   4.412214747708   4.190983005625   5.000000000000    2    0
         0,   12  -1.000000000000  -0.000000000000  -0.000000000000
                   0.000000000000   0.000000000000   0.000000000000
         0,   14   1.000000000000   0.000000000000   0.000000000000
                   0.000000000000   0.000000000000   0.000000000000
0,   14   4.690983005625   4.048943483705   5.000000000000    2    0
         0,   13  -1.000000000000  -0.000000000000  -0.000000000000
                   0.000000000000   0.000000000000   0.000000000000
         0,   15   1.000000000000   0.000000000000   0.000000000000
                   0.000000000000   0.000000000000   0.000000000000
0,   15   5.000000000000   4.000000000000   5.000000000000    2    0
         0,   14  -1.000000000000  -0.000000000000  -0.000000000000
                   0.000000000000   0.000000000000   0.000000000000
         0,   16   1.000000000000   0.000000000000   0.000000000000
                   0.000000000000   0.000000000000   0.000000000000
0,   16   5.309016994375   4.048943483705   5.000000000000    2    0
         0,   15  -1.000000000000  -0.000000000000  -0.000000000000
                   0.000000000000   0.000000000000   0.000000000000
         0,   17   1.000000000000   0.000000000000   0.000000000000
                   0.000000000000   0.000000000000   0.000000000000
0,   17   5.587785252292   4.190983005625   5.000000000000    2    0
         0,   16  -1.000000000000  -0.000000000000  -0.000000000000
                   0.000000000000   0.000000000000   0.000000000000
         0,   18   1.000000000000   0.000000000000   0.000000000000
                   0.000000000000   0.000000000000   0.000000000000
0,   18   5.809016994375   4.412214747708   5.000000000000    2    0
         0,   17  -1.000000000000  -0.000000000000  -0.000000000000
                   0.000000000000   0.000000000000   0.000000000000
         0,   19   1.000000000000   0.000000000000   0.000000000000
                   0.000000000000   0.000000000000   0.000000000000
0,   19   5.951056516295   4.690983005625   5.000000000000    2    0
         0,   18  -1.000000000000  -0.000000000000  -0.000000000000
                   0.000000000000   0.000000000000   0.000000000000
         0,    0   1.000000000000   0.000000000000   0.000000000000
                   0.000000000000   0.000000000000   0.000000000000
