dataFileVersion = 4
numFileSegments = 1
minCoordinates = [
 0.000000
 0.000000
 0.000000
 ]
maxCoordinates = [
 10.000000
 10.000000
 10.000000
 ]
nodeCount = 20
dataDecompType = 2
dataDecompGeometry = [
 1
 1
 1
 ]

#
#  END OF DATA FILE PARAMETERS
#

domainDecomposition = 
# Dom_ID  Minimum XYZ bounds   Maximum XYZ bounds
  0  0.000000  0.000000  0.000000  10.000000  10.000000  10.000000
nodalData =
# Primary lines: node_tag, x, y, z, num_arms, constraint
# Secondary lines: arm_tag, burgx, burgy, burgz, nx, ny, nz
0,    0   5.962600039550   5.000000000000   5.056171686345    2    0
         0,    1   1.000000000000   0.000000000000   0.000000000000
                   0.000000000000   0.000000000000   0.000000000000
         0,   19  -1.000000000000  -0.000000000000  -0.000000000000
                   0.000000000000   0.000000000000   0.000000000000
0,    1   5.907662611213   5.293792436160   5.052884298857    2    0
         0,    0  -1.000000000000  -0.000000000000  -0.000000000000
                   0.000000000000   0.000000000000   0.000000000000
         0,    2   1.000000000000   0.000000000000   0.000000000000
                   0.000000000000   0.000000000000   0.000000000000
0,    2   5.756774450722   5.547056366541   5.043920634527    2    0
         0,    1  -1.000000000000  -0.000000000000  -0.000000000000
                   0.000000000000   0.000000000000   0.000000000000
         0,    3   1.000000000000   0.000000000000   0.000000000000
                   0.000000000000   0.000000000000   0.000000000000
0,    3   5.538187840028   5.736136432893   5.031097181439    2    0
         0,    2  -1.000000000000  -0.000000000000  -0.000000000000
                   0.000000000000   0.000000000000   0.000000000000
         0,    4   1.000000000000   0.000000000000   0.000000000000
                   0.000000000000   0.000000000000   0.000000000000
0,    4   5.278618200568   5.851482232540   5.016047232866    2    0
         0,    3  -1.000000000000  -0.000000000000  -0.000000000000
                   0.000000000000   0.000000000000   0.000000000000
         0,    5   1.000000000000   0.000000000000   0.000000000000
                   0.000000000000   0.000000000000   0.000000000000
0,    5   5.000000000000   5.890125537690   5.000000000000    2    0
         0,    4  -1.000000000000  -0.000000000000  -0.000000000000
                   0.000000000000   0.000000000000   0.000000000000
         0,    6   1.000000000000   0.000000000000   0.000000000000
                   0.000000000000   0.000000000000   0.000000000000
0,    6   4.721381799432   5.851482232540   4.983952767134    2    0
         0,    5  -1.000000000000  -0.000000000000  -0.000000000000
                   0.000000000000   0.000000000000   0.000000000000
         0,    7   1.000000000000   0.000000000000   0.000000000000
                   0.000000000000   0.000000000000   0.000000000000
0,    7   4.461812159972   5.736136432893   4.968902818561    2    0
         0,    6  -1.000000000000  -0.000000000000  -0.000000000000
                   0.000000000000   0.000000000000   0.000000000000
         0,    8   1.000000000000   0.000000000000   0.000000000000
                   0.000000000000   0.000000000000   0.000000000000
0,    8   4.243225549278   5.547056366541   4.956079365473    2    0
         0,    7  -1.000000000000  -0.000000000000  -0.000000000000
                   0.000000000000   0.000000000000   0.000000000000
         0,    9   1.000000000000   0.000000000000   0.000000000000
                   0.000000000000   0.000000000000   0.000000000000
0,    9   4.092337388787   5.293792436160   4.947115701143    2    0
         0,    8  -1.000000000000  -0.000000000000  -0.000000000000
                   0.000000000000   0.000000000000   0.000000000000
         0,   10   1.000000000000   0.000000000000   0.000000000000
                   0.000000000000   0.000000000000   0.000000000000
0,   10   4.037399960450   5.000000000000   4.943828313655    2    0
         0,    9  -1.000000000000  -0.000000000000  -0.000000000000
                   0.000000000000   0.000000000000   0.000000000000
         0,   11   1.000000000000   0.000000000000   0.000000000000
                   0.000000000000   0.000000000000   0.000000000000
0,   11   4.092337388787   4.706207563840   4.947115701143    2    0
         0,   10  -1.000000000000  -0.000000000000  -0.000000000000
                   0.000000000000   0.000000000000   0.000000000000
         0,   12   1.000000000000   0.000000000000   0.000000000000
                   0.000000000000   0.000000000000   0.000000000000
0,   12   4.243225549278   4.452943633459   4.956079365473    2    0
         0,   11  -1.000000000000  -0.000000000000  -0.000000000000
                   0.000000000000   0.000000000000   0.000000000000
         0,   13   1.000000000000   0.000000000000   0.000000000000
                   0.000000000000   0.000000000000   0.000000000000
0,   13   4.461812159972   4.263863567107   4.968902818561    2    0
         0,   12  -1.000000000000  -0.000000000000  -0.000000000000
                   0.000000000000   0.000000000000   0.000000000000
         0,   14   1.000000000000   0.000000000000   0.000000000000
                   0.000000000000   0.000000000000   0.000000000000
0,   14   4.721381799432   4.148517767460   4.983952767134    2    0
         0,   13  -1.000000000000  -0.000000000000  -0.000000000000
                   0.000000000000   0.000000000000   0.000000000000
         0,   15   1.000000000000   0.000000000000   0.000000000000
                   0.000000000000   0.000000000000   0.000000000000
0,   15   5.000000000000   4.109874462310   5.000000000000    2    0
         0,   14  -1.000000000000  -0.000000000000  -0.000000000000
                   0.000000000000   0.000000000000   0.000000000000
         0,   16   1.000000000000   0.000000000000   0.000000000000
                   0.000000000000   0.000000000000   0.000000000000
0,   16   5.278618200568   4.148517767460   5.016047232866    2    0
         0,   15  -1.000000000000  -0.000000000000  -0.000000000000
                   0.000000000000   0.000000000000   0.000000000000
         0,   17   1.000000000000   0.000000000000   0.000000000000
                   0.000000000000   0.000000000000   0.000000000000
0,   17   5.538187840028   4.263863567107   5.031097181439    2    0
         0,   16  -1.000000000000  -0.000000000000  -0.000000000000
                   0.000000000000   0.000000000000   0.000000000000
         0,   18   1.000000000000   0.000000000000   0.000000000000
                   0.000000000000   0.000000000000   0.000000000000
0,   18   5.756774450722   4.452943633459   5.043920634527    2    0
         0,   17  -1.000000000000  -0.000000000000  -0.000000000000
                   0.000000000000   0.000000000000   0.000000000000
         0,   19   1.000000000000   0.000000000000   0.000000000000
                   0.000000000000   0.000000000000   0.000000000000
0,   19   5.907662611213   4.706207563840   5.052884298857    2    0
         0,   18  -1.000000000000  -0.000000000000  -0.000000000000
                   0.000000000000   0.000000000000   0.000000000000
         0,    0   1.000000000000   0.000000000000   0.000000000000
                   0.000000000000   0.000000000000   0.000000000000
