dataFileVersion = 4
numFileSegments = 1
minCoordinates = [
 0.000000
 0.000000
 0.000000
 ]
maxCoordinates = [
 10.000000
 10.000000
 10.000000
 ]
nodeCount = 20
dataDecompType = 2
dataDecompGeometry = [
 1
 1
 1
 ]

#
#  END OF DATA FILE PARAMETERS
#

domainDecomposition = 
# Dom_ID  Minimum XYZ bounds   Maximum XYZ bounds
  0  0.000000  0.000000  0.000000  10.000000  10.000000  10.000000
nodalData =
# Primary lines: node_tag, x, y, z, num_arms, constraint
# Secondary lines: arm_tag, burgx, burgy, burgz, nx, ny, nz
0,    0   5.975976313444   5.000000000000   5.038212027480    2    0
         0,    1   1.000000000000   0.000000000000   0.000000000000
                   0.000000000000   0.000000000000   0.000000000000
         0,   19  -1.000000000000  -0.000000000000  -0.000000000000
                   0.000000000000   0.000000000000   0.000000000000
0,    1   5.923128747490   5.299391003925   5.036097351181    2    0
         0,    0  -1.000000000000  -0.000000000000  -0.000000000000
                   0.000000000000   0.000000000000   0.000000000000
         0,    2   1.000000000000   0.000000000000   0.000000000000
                   0.000000000000   0.000000000000   0.000000000000
0,    2   5.774833377027   5.561597094435   5.030203169505    2    0
         0,    1  -1.000000000000  -0.000000000000  -0.000000000000
                   0.000000000000   0.000000000000   0.000000000000
         0,    3   1.000000000000   0.000000000000   0.000000000000
                   0.000000000000   0.000000000000   0.000000000000
0,    3   5.554600154234   5.761058787973   5.021541140629    2    0
         0,    2  -1.000000000000  -0.000000000000  -0.000000000000
                   0.000000000000   0.000000000000   0.000000000000
         0,    4   1.000000000000   0.000000000000   0.000000000000
                   0.000000000000   0.000000000000   0.000000000000
0,    4   5.288352656864   5.884439444164   5.011170111335    2    0
         0,    3  -1.000000000000  -0.000000000000  -0.000000000000
                   0.000000000000   0.000000000000   0.000000000000
         0,    5   1.000000000000   0.000000000000   0.000000000000
                   0.000000000000   0.000000000000   0.000000000000
0,    5   5.000000000000   5.926067448018   5.000000000000    2    0
         0,    4  -1.000000000000  -0.000000000000  -0.000000000000
                   0.000000000000   0.000000000000   0.000000000000
         0,    6   1.000000000000   0.000000000000   0.000000000000
                   0.000000000000   0.000000000000   0.000000000000
0,    6   4.711647343136   5.884439444164   4.988829888665    2    0
         0,    5  -1.000000000000  -0.000000000000  -0.000000000000
                   0.000000000000   0.000000000000   0.000000000000
         0,    7   1.000000000000   0.000000000000   0.000000000000
                   0.000000000000   0.000000000000   0.000000000000
0,    7   4.445399845766   5.761058787973   4.978458859371    2    0
         0,    6  -1.000000000000  -0.000000000000  -0.000000000000
                   0.000000000000   0.000000000000   0.000000000000
         0,    8   1.000000000000   0.000000000000   0.000000000000
                   0.000000000000   0.000000000000   0.000000000000
0,    8   4.225166622973   5.561597094435   4.969796830495    2    0
         0,    7  -1.000000000000  -0.000000000000  -0.000000000000
                   0.000000000000   0.000000000000   0.000000000000
         0,    9   1.000000000000   0.000000000000   0.000000000000
                   0.000000000000   0.000000000000   0.000000000000
0,    9   4.076871252510   5.299391003925   4.963902648819    2    0
         0,    8  -1.000000000000  -0.000000000000  -0.000000000000
                   0.000000000000   0.000000000000   0.000000000000
         0,   10   1.000000000000   0.000000000000   0.000000000000
                   0.000000000000   0.000000000000   0.000000000000
0,   10   4.024023686556   5.000000000000   4.961787972520    2    0
         0,    9  -1.000000000000  -0.000000000000  -0.000000000000
                   0.000000000000   0.000000000000   0.000000000000
         0,   11   1.000000000000   0.000000000000   0.000000000000
                   0.000000000000   0.000000000000   0.000000000000
0,   11   4.076871252510   4.700608996075   4.963902648819    2    0
         0,   10  -1.000000000000  -0.000000000000  -0.000000000000
                   0.000000000000   0.000000000000   0.000000000000
         0,   12   1.000000000000   0.000000000000   0.000000000000
                   0.000000000000   0.000000000000   0.000000000000
0,   12   4.225166622973   4.438402905565   4.969796830495    2    0
         0,   11  -1.000000000000  -0.000000000000  -0.000000000000
                   0.000000000000   0.000000000000   0.000000000000
         0,   13   1.000000000000   0.000000000000   0.000000000000
                   0.000000000000   0.000000000000   0.000000000000
0,   13   4.445399845766   4.238941212027   4.978458859371    2    0
         0,   12  -1.000000000000  -0.000000000000  -0.000000000000
                   0.000000000000   0.000000000000   0.000000000000
         0,   14   1.000000000000   0.000000000000   0.000000000000
                   0.000000000000   0.000000000000   0.000000000000
0,   14   4.711647343136   4.115560555836   4.988829888665    2    0
         0,   13  -1.000000000000  -0.000000000000  -0.000000000000
                   0.000000000000   0.000000000000   0.000000000000
         0,   15   1.000000000000   0.000000000000   0.000000000000
                   0.000000000000   0.000000000000   0.000000000000
0,   15   5.000000000000   4.073932551982   5.000000000000    2    0
         0,   14  -1.000000000000  -0.000000000000  -0.000000000000
                   0.000000000000   0.000000000000   0.000000000000
         0,   16   1.000000000000   0.000000000000   0.000000000000
                   0.000000000000   0.000000000000   0.000000000000
0,   16   5.288352656864   4.115560555836   5.011170111335    2    0
         0,   15  -1.000000000000  -0.000000000000  -0.000000000000
                   0.000000000000   0.000000000000   0.000000000000
         0,   17   1.000000000000   0.000000000000   0.000000000000
                   0.000000000000   0.000000000000   0.000000000000
0,   17   5.554600154234   4.238941212027   5.021541140629    2    0
         0,   16  -1.000000000000  -0.000000000000  -0.000000000000
                   0.000000000000   0.000000000000   0.000000000000
         0,   18   1.000000000000   0.000000000000   0.000000000000
                   0.000000000000   0.000000000000   0.000000000000
0,   18   5.774833377027   4.438402905565   5.030203169505    2    0
         0,   17  -1.000000000000  -0.000000000000  -0.000000000000
                   0.000000000000   0.000000000000   0.000000000000
         0,   19   1.000000000000   0.000000000000   0.000000000000
                   0.000000000000   0.000000000000   0.000000000000
0,   19   5.923128747490   4.700608996075   5.036097351181    2    0
         0,   18  -1.000000000000  -0.000000000000  -0.000000000000
                   0.000000000000   0.000000000000   0.000000000000
         0,    0   1.000000000000   0.000000000000   0.000000000000
                   0.000000000000   0.000000000000   0.000000000000
