dataFileVersion = 4
numFileSegments = 1
minCoordinates = [
 0.000000
 0.000000
 0.000000
 ]
maxCoordinates = [
 10.000000
 10.000000
 10.000000
 ]
nodeCount = 20
dataDecompType = 2
dataDecompGeometry = [
 1
 1
 1
 ]

#
#  END OF DATA FILE PARAMETERS
#

domainDecomposition = 
# Dom_ID  Minimum XYZ bounds   Maximum XYZ bounds
  0  0.000000  0.000000  0.000000  10.000000  10.000000  10.000000
nodalData =
# Primary lines: node_tag, x, y, z, num_arms, constraint
# Secondary lines: arm_tag, burgx, burgy, burgz, nx, ny, nz
0,    0   5.948148089622   5.000000000000   5.073227089551    2    0
         0,    1   1.000000000000   0.000000000000   0.000000000000
                   0.000000000000   0.000000000000   0.000000000000
         0,   19  -1.000000000000  -0.000000000000  -0.000000000000
                   0.000000000000   0.000000000000   0.000000000000
0,    1   5.891119638034   5.287562518274   5.068722522304    2    0
         0,    0  -1.000000000000  -0.000000000000  -0.000000000000
                   0.000000000000   0.000000000000   0.000000000000
         0,    2   1.000000000000   0.000000000000   0.000000000000
                   0.000000000000   0.000000000000   0.000000000000
0,    2   5.738191775139   5.531563442758   5.056700491568    2    0
         0,    1  -1.000000000000  -0.000000000000  -0.000000000000
                   0.000000000000   0.000000000000   0.000000000000
         0,    3   1.000000000000   0.000000000000   0.000000000000
                   0.000000000000   0.000000000000   0.000000000000
0,    3   5.521960133976   5.710704609141   5.039906164853    2    0
         0,    2  -1.000000000000  -0.000000000000  -0.000000000000
                   0.000000000000   0.000000000000   0.000000000000
         0,    4   1.000000000000   0.000000000000   0.000000000000
                   0.000000000000   0.000000000000   0.000000000000
0,    4   5.269230978987   5.818742705508   5.020514456570    2    0
         0,    3  -1.000000000000  -0.000000000000  -0.000000000000
                   0.000000000000   0.000000000000   0.000000000000
         0,    5   1.000000000000   0.000000000000   0.000000000000
                   0.000000000000   0.000000000000   0.000000000000
0,    5   5.000000000000   5.854735697282   5.000000000000    2    0
         0,    4  -1.000000000000  -0.000000000000  -0.000000000000
                   0.000000000000   0.000000000000   0.000000000000
         0,    6   1.000000000000   0.000000000000   0.000000000000
                   0.000000000000   0.000000000000   0.000000000000
0,    6   4.730769021013   5.818742705508   4.979485543430    2    0
         0,    5  -1.000000000000  -0.000000000000  -0.000000000000
                   0.000000000000   0.000000000000   0.000000000000
         0,    7   1.000000000000   0.000000000000   0.000000000000
                   0.000000000000   0.000000000000   0.000000000000
0,    7   4.478039866024   5.710704609141   4.960093835147    2    0
         0,    6  -1.000000000000  -0.000000000000  -0.000000000000
                   0.000000000000   0.000000000000   0.000000000000
         0,    8   1.000000000000   0.000000000000   0.000000000000
                   0.000000000000   0.000000000000   0.000000000000
0,    8   4.261808224861   5.531563442758   4.943299508432    2    0
         0,    7  -1.000000000000  -0.000000000000  -0.000000000000
                   0.000000000000   0.000000000000   0.000000000000
         0,    9   1.000000000000   0.000000000000   0.000000000000
                   0.000000000000   0.000000000000   0.000000000000
0,    9   4.108880361966   5.287562518274   4.931277477696    2    0
         0,    8  -1.000000000000  -0.000000000000  -0.000000000000
                   0.000000000000   0.000000000000   0.000000000000
         0,   10   1.000000000000   0.000000000000   0.000000000000
                   0.000000000000   0.000000000000   0.000000000000
0,   10   4.051851910378   5.000000000000   4.926772910449    2    0
         0,    9  -1.000000000000  -0.000000000000  -0.000000000000
                   0.000000000000   0.000000000000   0.000000000000
         0,   11   1.000000000000   0.000000000000   0.000000000000
                   0.000000000000   0.000000000000   0.000000000000
0,   11   4.108880361966   4.712437481726   4.931277477696    2    0
         0,   10  -1.000000000000  -0.000000000000  -0.000000000000
                   0.000000000000   0.000000000000   0.000000000000
         0,   12   1.000000000000   0.000000000000   0.000000000000
                   0.000000000000   0.000000000000   0.000000000000
0,   12   4.261808224861   4.468436557242   4.943299508432    2    0
         0,   11  -1.000000000000  -0.000000000000  -0.000000000000
                   0.000000000000   0.000000000000   0.000000000000
         0,   13   1.000000000000   0.000000000000   0.000000000000
                   0.000000000000   0.000000000000   0.000000000000
0,   13   4.478039866024   4.289295390859   4.960093835147    2    0
         0,   12  -1.000000000000  -0.000000000000  -0.000000000000
                   0.000000000000   0.000000000000   0.000000000000
         0,   14   1.000000000000   0.000000000000   0.000000000000
                   0.000000000000   0.000000000000   0.000000000000
0,   14   4.730769021013   4.181257294492   4.979485543430    2    0
         0,   13  -1.000000000000  -0.000000000000  -0.000000000000
                   0.000000000000   0.000000000000   0.000000000000
         0,   15   1.000000000000   0.000000000000   0.000000000000
                   0.000000000000   0.000000000000   0.000000000000
0,   15   5.000000000000   4.145264302718   5.000000000000    2    0
         0,   14  -1.000000000000  -0.000000000000  -0.000000000000
                   0.000000000000   0.000000000000   0.000000000000
         0,   16   1.000000000000   0.000000000000   0.000000000000
                   0.000000000000   0.000000000000   0.000000000000
0,   16   5.269230978987   4.181257294492   5.020514456570    2    0
         0,   15  -1.000000000000  -0.000000000000  -0.000000000000
                   0.000000000000   0.000000000000   0.000000000000
         0,   17   1.000000000000   0.000000000000   0.000000000000
                   0.000000000000   0.000000000000   0.000000000000
0,   17   5.521960133976   4.289295390859   5.039906164853    2    0
         0,   16  -1.000000000000  -0.000000000000  -0.000000000000
                   0.000000000000   0.000000000000   0.000000000000
         0,   18   1.000000000000   0.000000000000   0.000000000000
                   0.000000000000   0.000000000000   0.000000000000
0,   18   5.738191775139   4.468436557242   5.056700491568    2    0
         0,   17  -1.000000000000  -0.000000000000  -0.000000000000
                   0.000000000000   0.000000000000   0.000000000000
         0,   19   1.000000000000   0.000000000000   0.000000000000
                   0.000000000000   0.000000000000   0.000000000000
0,   19   5.891119638034   4.712437481726   5.068722522304    2    0
         0,   18  -1.000000000000  -0.000000000000  -0.000000000000
                   0.000000000000   0.000000000000   0.000000000000
         0,    0   1.000000000000   0.000000000000   0.000000000000
                   0.000000000000   0.000000000000   0.000000000000
