dataFileVersion = 4
numFileSegments = 1
minCoordinates = [
 0.000000
 0.000000
 0.000000
 ]
maxCoordinates = [
 10.000000
 10.000000
 10.000000
 ]
nodeCount = 20
dataDecompType = 2
dataDecompGeometry = [
 1
 1
 1
 ]

#
#  END OF DATA FILE PARAMETERS
#

domainDecomposition = 
# Dom_ID  Minimum XYZ bounds   Maximum XYZ bounds
  0  0.000000  0.000000  0.000000  10.000000  10.000000  10.000000
nodalData =
# Primary lines: node_tag, x, y, z, num_arms, constraint
# Secondary lines: arm_tag, burgx, burgy, burgz, nx, ny, nz
0,    0   5.994299124132   5.000000000000   5.009807672147    2    0
         0,    1   1.000000000000   0.000000000000   0.000000000000
                   0.000000000000   0.000000000000   0.000000000000
         0,   19  -1.000000000000  -0.000000000000  -0.000000000000
                   0.000000000000   0.000000000000   0.000000000000
0,    1   5.944429218669   5.306782399939   5.009313228012    2    0
         0,    0  -1.000000000000  -0.000000000000  -0.000000000000
                   0.000000000000   0.000000000000   0.000000000000
         0,    2   1.000000000000   0.000000000000   0.000000000000
                   0.000000000000   0.000000000000   0.000000000000
0,    2   5.800741129832   5.581599304148   5.007890738558    2    0
         0,    1  -1.000000000000  -0.000000000000  -0.000000000000
                   0.000000000000   0.000000000000   0.000000000000
         0,    3   1.000000000000   0.000000000000   0.000000000000
                   0.000000000000   0.000000000000   0.000000000000
0,    3   5.579466879861   5.797299134060   5.005705377118    2    0
         0,    2  -1.000000000000  -0.000000000000  -0.000000000000
                   0.000000000000   0.000000000000   0.000000000000
         0,    4   1.000000000000   0.000000000000   0.000000000000
                   0.000000000000   0.000000000000   0.000000000000
0,    4   5.303688629313   5.934314252637   5.002988073245    2    0
         0,    3  -1.000000000000  -0.000000000000  -0.000000000000
                   0.000000000000   0.000000000000   0.000000000000
         0,    5   1.000000000000   0.000000000000   0.000000000000
                   0.000000000000   0.000000000000   0.000000000000
0,    5   5.000000000000   5.981223335511   5.000000000000    2    0
         0,    4  -1.000000000000  -0.000000000000  -0.000000000000
                   0.000000000000   0.000000000000   0.000000000000
         0,    6   1.000000000000   0.000000000000   0.000000000000
                   0.000000000000   0.000000000000   0.000000000000
0,    6   4.696311370687   5.934314252637   4.997011926755    2    0
         0,    5  -1.000000000000  -0.000000000000  -0.000000000000
                   0.000000000000   0.000000000000   0.000000000000
         0,    7   1.000000000000   0.000000000000   0.000000000000
                   0.000000000000   0.000000000000   0.000000000000
0,    7   4.420533120139   5.797299134060   4.994294622882    2    0
         0,    6  -1.000000000000  -0.000000000000  -0.000000000000
                   0.000000000000   0.000000000000   0.000000000000
         0,    8   1.000000000000   0.000000000000   0.000000000000
                   0.000000000000   0.000000000000   0.000000000000
0,    8   4.199258870168   5.581599304148   4.992109261442    2    0
         0,    7  -1.000000000000  -0.000000000000  -0.000000000000
                   0.000000000000   0.000000000000   0.000000000000
         0,    9   1.000000000000   0.000000000000   0.000000000000
                   0.000000000000   0.000000000000   0.000000000000
0,    9   4.055570781331   5.306782399939   4.990686771988    2    0
         0,    8  -1.000000000000  -0.000000000000  -0.000000000000
                   0.000000000000   0.000000000000   0.000000000000
         0,   10   1.000000000000   0.000000000000   0.000000000000
                   0.000000000000   0.000000000000   0.000000000000
0,   10   4.005700875868   5.000000000000   4.990192327853    2    0
         0,    9  -1.000000000000  -0.000000000000  -0.000000000000
                   0.000000000000   0.000000000000   0.000000000000
         0,   11   1.000000000000   0.000000000000   0.000000000000
                   0.000000000000   0.000000000000   0.000000000000
0,   11   4.055570781331   4.693217600061   4.990686771988    2    0
         0,   10  -1.000000000000  -0.000000000000  -0.000000000000
                   0.000000000000   0.000000000000   0.000000000000
         0,   12   1.000000000000   0.000000000000   0.000000000000
                   0.000000000000   0.000000000000   0.000000000000
0,   12   4.199258870168   4.418400695852   4.992109261442    2    0
         0,   11  -1.000000000000  -0.000000000000  -0.000000000000
                   0.000000000000   0.000000000000   0.000000000000
         0,   13   1.000000000000   0.000000000000   0.000000000000
                   0.000000000000   0.000000000000   0.000000000000
0,   13   4.420533120139   4.202700865940   4.994294622882    2    0
         0,   12  -1.000000000000  -0.000000000000  -0.000000000000
                   0.000000000000   0.000000000000   0.000000000000
         0,   14   1.000000000000   0.000000000000   0.000000000000
                   0.000000000000   0.000000000000   0.000000000000
0,   14   4.696311370687   4.065685747363   4.997011926755    2    0
         0,   13  -1.000000000000  -0.000000000000  -0.000000000000
                   0.000000000000   0.000000000000   0.000000000000
         0,   15   1.000000000000   0.000000000000   0.000000000000
                   0.000000000000   0.000000000000   0.000000000000
0,   15   5.000000000000   4.018776664489   5.000000000000    2    0
         0,   14  -1.000000000000  -0.000000000000  -0.000000000000
                   0.000000000000   0.000000000000   0.000000000000
         0,   16   1.000000000000   0.000000000000   0.000000000000
                   0.000000000000   0.000000000000   0.000000000000
0,   16   5.303688629313   4.065685747363   5.002988073245    2    0
         0,   15  -1.000000000000  -0.000000000000  -0.000000000000
                   0.000000000000   0.000000000000   0.000000000000
         0,   17   1.000000000000   0.000000000000   0.000000000000
                   0.000000000000   0.000000000000   0.000000000000
0,   17   5.579466879861   4.202700865940   5.005705377118    2    0
         0,   16  -1.000000000000  -0.000000000000  -0.000000000000
                   0.000000000000   0.000000000000   0.000000000000
         0,   18   1.000000000000   0.000000000000   0.000000000000
                   0.000000000000   0.000000000000   0.000000000000
0,   18   5.800741129832   4.418400695852   5.007890738558    2    0
         0,   17  -1.000000000000  -0.000000000000  -0.000000000000
                   0.000000000000   0.000000000000   0.000000000000
         0,   19   1.000000000000   0.000000000000   0.000000000000
                   0.000000000000   0.000000000000   0.000000000000
0,   19   5.944429218669   4.693217600061   5.009313228012    2    0
         0,   18  -1.000000000000  -0.000000000000  -0.000000000000
                   0.000000000000   0.000000000000   0.000000000000
         0,    0   1.000000000000   0.000000000000   0.000000000000
                   0.000000000000   0.000000000000   0.000000000000
