dataFileVersion = 4
numFileSegments = 1
minCoordinates = [
 0.000000
 0.000000
 0.000000
 ]
maxCoordinates = [
 8.000000
 8.000000
 8.000000
 ]
nodeCount = 11
dataDecompType = 2
dataDecompGeometry = [
 1
 1
 1
 ]

#
#  END OF DATA FILE PARAMETERS
#

domainDecomposition = 
# Dom_ID  Minimum XYZ bounds   Maximum XYZ bounds
  0  0.000000  0.000000  0.000000  8.000000  8.000000  8.000000
nodalData =
# Primary lines: node_tag, x, y, z, num_arms, constraint
# Secondary lines: arm_tag, burgx, burgy, burgz, nx, ny, nz
0,    0   4.000000000000   3.500000000000   4.000000000000    2    7
         0,    9   1.000000000000   0.000000000000   0.000000000000
                   0.000000000000   0.000000000000   1.000000000000
         0,    4  -1.000000000000  -0.000000000000  -0.000000000000
                   0.000000000000  -1.000000000000   0.000000000000
0,    1   4.342602336675   4.000000000000   4.000000000000    2    0
         0,    8  -1.000000000000  -0.000000000000  -0.000000000000
                   0.000000000000   0.000000000000   1.000000000000
         0,    7   1.000000000000   0.000000000000   0.000000000000
                   0.000000000000   0.000000000000   1.000000000000
0,    2   4.000000000000   4.500000000000   4.000000000000    2    7
         0,   10  -1.000000000000  -0.000000000000  -0.000000000000
                   0.000000000000   0.000000000000   1.000000000000
         0,    3   1.000000000000   0.000000000000   0.000000000000
                  -0.000000000000   1.000000000000   0.000000000000
0,    3   4.000000000000   4.500000000000   3.000000000000    2    7
         0,    2  -1.000000000000  -0.000000000000  -0.000000000000
                  -0.000000000000   1.000000000000   0.000000000000
         0,    4   1.000000000000   0.000000000000   0.000000000000
                   0.000000000000   0.000000000000  -1.000000000000
0,    4   4.000000000000   3.500000000000   3.000000000000    2    7
         0,    3  -1.000000000000  -0.000000000000  -0.000000000000
                   0.000000000000   0.000000000000  -1.000000000000
         0,    0   1.000000000000   0.000000000000   0.000000000000
                   0.000000000000  -1.000000000000   0.000000000000
0,    5   4.242840458684   3.677685891364   4.000000000000    2    0
         0,    8   1.000000000000   0.000000000000   0.000000000000
                   0.000000000000   0.000000000000   1.000000000000
         0,    9  -1.000000000000  -0.000000000000  -0.000000000000
                   0.000000000000   0.000000000000   1.000000000000
0,    6   4.242840458684   4.322314108636   4.000000000000    2    0
         0,   10   1.000000000000   0.000000000000   0.000000000000
                   0.000000000000   0.000000000000   1.000000000000
         0,    7  -1.000000000000  -0.000000000000  -0.000000000000
                   0.000000000000   0.000000000000   1.000000000000
0,    7   4.320498916389   4.166272208652   4.000000000000    2    0
         0,    6   1.000000000000   0.000000000000   0.000000000000
                   0.000000000000   0.000000000000   1.000000000000
         0,    1  -1.000000000000  -0.000000000000  -0.000000000000
                   0.000000000000   0.000000000000   1.000000000000
0,    8   4.320498916389   3.833727791348   4.000000000000    2    0
         0,    1   1.000000000000   0.000000000000   0.000000000000
                   0.000000000000   0.000000000000   1.000000000000
         0,    5  -1.000000000000  -0.000000000000  -0.000000000000
                   0.000000000000   0.000000000000   1.000000000000
0,    9   4.121420229342   3.588842945682   4.000000000000    2    0
         0,    5   1.000000000000   0.000000000000   0.000000000000
                   0.000000000000   0.000000000000   1.000000000000
         0,    0  -1.000000000000  -0.000000000000  -0.000000000000
                   0.000000000000   0.000000000000   1.000000000000
0,   10   4.121420229342   4.411157054318   4.000000000000    2    0
         0,    2   1.000000000000   0.000000000000   0.000000000000
                   0.000000000000   0.000000000000   1.000000000000
         0,    6  -1.000000000000  -0.000000000000  -0.000000000000
                   0.000000000000   0.000000000000   1.000000000000
