dataFileVersion = 4
numFileSegments = 1
minCoordinates = [
 0.000000
 0.000000
 0.000000
 ]
maxCoordinates = [
 8.000000
 8.000000
 8.000000
 ]
nodeCount = 51
dataDecompType = 2
dataDecompGeometry = [
 1
 1
 1
 ]

#
#  END OF DATA FILE PARAMETERS
#

domainDecomposition = 
# Dom_ID  Minimum XYZ bounds   Maximum XYZ bounds
  0  0.000000  0.000000  0.000000  8.000000  8.000000  8.000000
nodalData =
# Primary lines: node_tag, x, y, z, num_arms, constraint
# Secondary lines: arm_tag, burgx, burgy, burgz, nx, ny, nz
0,    0   4.000000000000   3.500000000000   4.000000000000    2    7
         0,   39   1.000000000000   0.000000000000   0.000000000000
                   0.000000000000   0.000000000000   1.000000000000
         0,    4  -1.000000000000  -0.000000000000  -0.000000000000
                   0.000000000000  -1.000000000000   0.000000000000
0,    1   6.741879124430   4.000000000000   4.000000000000    2    0
         0,   35  -1.000000000000  -0.000000000000  -0.000000000000
                   0.000000000000   0.000000000000   1.000000000000
         0,   31   1.000000000000   0.000000000000   0.000000000000
                   0.000000000000   0.000000000000   1.000000000000
0,    2   4.000000000000   4.500000000000   4.000000000000    2    7
         0,   40  -1.000000000000  -0.000000000000  -0.000000000000
                   0.000000000000   0.000000000000   1.000000000000
         0,    3   1.000000000000   0.000000000000   0.000000000000
                  -0.000000000000   1.000000000000   0.000000000000
0,    3   4.000000000000   4.500000000000   3.000000000000    2    7
         0,    2  -1.000000000000  -0.000000000000  -0.000000000000
                  -0.000000000000   1.000000000000   0.000000000000
         0,    4   1.000000000000   0.000000000000   0.000000000000
                   0.000000000000   0.000000000000  -1.000000000000
0,    4   4.000000000000   3.500000000000   3.000000000000    2    7
         0,    3  -1.000000000000  -0.000000000000  -0.000000000000
                   0.000000000000   0.000000000000  -1.000000000000
         0,    0   1.000000000000   0.000000000000   0.000000000000
                   0.000000000000  -1.000000000000   0.000000000000
0,    5   4.093625190923   2.433060480358   4.000000000000    2    0
         0,   27   1.000000000000   0.000000000000   0.000000000000
                   0.000000000000   0.000000000000   1.000000000000
         0,   42  -1.000000000000  -0.000000000000  -0.000000000000
                   0.000000000000   0.000000000000   1.000000000000
0,    6   4.093625190923   5.566939519642   4.000000000000    2    0
         0,   41   1.000000000000   0.000000000000   0.000000000000
                   0.000000000000   0.000000000000   1.000000000000
         0,   28  -1.000000000000  -0.000000000000  -0.000000000000
                   0.000000000000   0.000000000000   1.000000000000
0,    7   5.151908192353   5.714284207866   4.000000000000    2    0
         0,   25   1.000000000000   0.000000000000   0.000000000000
                   0.000000000000   0.000000000000   1.000000000000
         0,   34  -1.000000000000  -0.000000000000  -0.000000000000
                   0.000000000000   0.000000000000   1.000000000000
0,    8   5.151908192353   2.285715792134   4.000000000000    2    0
         0,   32   1.000000000000   0.000000000000   0.000000000000
                   0.000000000000   0.000000000000   1.000000000000
         0,   26  -1.000000000000  -0.000000000000  -0.000000000000
                   0.000000000000   0.000000000000   1.000000000000
0,    9   3.623366133308   3.265164049251   4.000000000000    2    0
         0,   47   1.000000000000   0.000000000000   0.000000000000
                   0.000000000000   0.000000000000   1.000000000000
         0,   39  -1.000000000000  -0.000000000000  -0.000000000000
                   0.000000000000   0.000000000000   1.000000000000
0,   10   3.623366133308   4.734835950749   4.000000000000    2    0
         0,   40   1.000000000000   0.000000000000   0.000000000000
                   0.000000000000   0.000000000000   1.000000000000
         0,   48  -1.000000000000  -0.000000000000  -0.000000000000
                   0.000000000000   0.000000000000   1.000000000000
0,   11   5.976743038089   5.372484884551   4.000000000000    2    0
         0,   29   1.000000000000   0.000000000000   0.000000000000
                   0.000000000000   0.000000000000   1.000000000000
         0,   46  -1.000000000000  -0.000000000000  -0.000000000000
                   0.000000000000   0.000000000000   1.000000000000
0,   12   5.976743038089   2.627515115449   4.000000000000    2    0
         0,   45   1.000000000000   0.000000000000   0.000000000000
                   0.000000000000   0.000000000000   1.000000000000
         0,   30  -1.000000000000  -0.000000000000  -0.000000000000
                   0.000000000000   0.000000000000   1.000000000000
0,   13   4.621832112656   2.274267138578   4.000000000000    2    0
         0,   26   1.000000000000   0.000000000000   0.000000000000
                   0.000000000000   0.000000000000   1.000000000000
         0,   27  -1.000000000000  -0.000000000000  -0.000000000000
                   0.000000000000   0.000000000000   1.000000000000
0,   14   4.621832112656   5.725732861422   4.000000000000    2    0
         0,   28   1.000000000000   0.000000000000   0.000000000000
                   0.000000000000   0.000000000000   1.000000000000
         0,   25  -1.000000000000  -0.000000000000  -0.000000000000
                   0.000000000000   0.000000000000   1.000000000000
0,   15   6.446539019425   4.902311281310   4.000000000000    2    0
         0,   43   1.000000000000   0.000000000000   0.000000000000
                   0.000000000000   0.000000000000   1.000000000000
         0,   38  -1.000000000000  -0.000000000000  -0.000000000000
                   0.000000000000   0.000000000000   1.000000000000
0,   16   6.446539019425   3.097688718690   4.000000000000    2    0
         0,   37   1.000000000000   0.000000000000   0.000000000000
                   0.000000000000   0.000000000000   1.000000000000
         0,   44  -1.000000000000  -0.000000000000  -0.000000000000
                   0.000000000000   0.000000000000   1.000000000000
0,   17   5.573734346572   2.404815934702   4.000000000000    2    0
         0,   30   1.000000000000   0.000000000000   0.000000000000
                   0.000000000000   0.000000000000   1.000000000000
         0,   32  -1.000000000000  -0.000000000000  -0.000000000000
                   0.000000000000   0.000000000000   1.000000000000
0,   18   5.573734346572   5.595184065298   4.000000000000    2    0
         0,   34   1.000000000000   0.000000000000   0.000000000000
                   0.000000000000   0.000000000000   1.000000000000
         0,   29  -1.000000000000  -0.000000000000  -0.000000000000
                   0.000000000000   0.000000000000   1.000000000000
0,   19   6.655853918095   4.496750216253   4.000000000000    2    0
         0,   38   1.000000000000   0.000000000000   0.000000000000
                   0.000000000000   0.000000000000   1.000000000000
         0,   31  -1.000000000000  -0.000000000000  -0.000000000000
                   0.000000000000   0.000000000000   1.000000000000
0,   20   6.655853918095   3.503249783747   4.000000000000    2    0
         0,   35   1.000000000000   0.000000000000   0.000000000000
                   0.000000000000   0.000000000000   1.000000000000
         0,   37  -1.000000000000  -0.000000000000  -0.000000000000
                   0.000000000000   0.000000000000   1.000000000000
0,   21   3.782937682666   5.333394755476   4.000000000000    2    0
         0,   49   1.000000000000   0.000000000000   0.000000000000
                   0.000000000000   0.000000000000   1.000000000000
         0,   41  -1.000000000000  -0.000000000000  -0.000000000000
                   0.000000000000   0.000000000000   1.000000000000
0,   22   3.782937682666   2.666605244524   4.000000000000    2    0
         0,   42   1.000000000000   0.000000000000   0.000000000000
                   0.000000000000   0.000000000000   1.000000000000
         0,   50  -1.000000000000  -0.000000000000  -0.000000000000
                   0.000000000000   0.000000000000   1.000000000000
0,   23   6.221344318676   2.833254396169   4.000000000000    2    0
         0,   44   1.000000000000   0.000000000000   0.000000000000
                   0.000000000000   0.000000000000   1.000000000000
         0,   45  -1.000000000000  -0.000000000000  -0.000000000000
                   0.000000000000   0.000000000000   1.000000000000
0,   24   6.221344318676   5.166745603831   4.000000000000    2    0
         0,   46   1.000000000000   0.000000000000   0.000000000000
                   0.000000000000   0.000000000000   1.000000000000
         0,   43  -1.000000000000  -0.000000000000  -0.000000000000
                   0.000000000000   0.000000000000   1.000000000000
0,   25   4.888432501337   5.738976030961   4.000000000000    2    0
         0,   14   1.000000000000   0.000000000000   0.000000000000
                   0.000000000000   0.000000000000   1.000000000000
         0,    7  -1.000000000000  -0.000000000000  -0.000000000000
                   0.000000000000   0.000000000000   1.000000000000
0,   26   4.888432501337   2.261023969039   4.000000000000    2    0
         0,    8   1.000000000000   0.000000000000   0.000000000000
                   0.000000000000   0.000000000000   1.000000000000
         0,   13  -1.000000000000  -0.000000000000  -0.000000000000
                   0.000000000000   0.000000000000   1.000000000000
0,   27   4.356635153287   2.329047096560   4.000000000000    2    0
         0,   13   1.000000000000   0.000000000000   0.000000000000
                   0.000000000000   0.000000000000   1.000000000000
         0,    5  -1.000000000000  -0.000000000000  -0.000000000000
                   0.000000000000   0.000000000000   1.000000000000
0,   28   4.356635153287   5.670952903440   4.000000000000    2    0
         0,    6   1.000000000000   0.000000000000   0.000000000000
                   0.000000000000   0.000000000000   1.000000000000
         0,   14  -1.000000000000  -0.000000000000  -0.000000000000
                   0.000000000000   0.000000000000   1.000000000000
0,   29   5.775594540519   5.499666219208   4.000000000000    2    0
         0,   18   1.000000000000   0.000000000000   0.000000000000
                   0.000000000000   0.000000000000   1.000000000000
         0,   11  -1.000000000000  -0.000000000000  -0.000000000000
                   0.000000000000   0.000000000000   1.000000000000
0,   30   5.775594540519   2.500333780792   4.000000000000    2    0
         0,   12   1.000000000000   0.000000000000   0.000000000000
                   0.000000000000   0.000000000000   1.000000000000
         0,   17  -1.000000000000  -0.000000000000  -0.000000000000
                   0.000000000000   0.000000000000   1.000000000000
0,   31   6.719578571956   4.254161455758   4.000000000000    2    0
         0,   19   1.000000000000   0.000000000000   0.000000000000
                   0.000000000000   0.000000000000   1.000000000000
         0,    1  -1.000000000000  -0.000000000000  -0.000000000000
                   0.000000000000   0.000000000000   1.000000000000
0,   32   5.369503587146   2.334371251133   4.000000000000    2    0
         0,   17   1.000000000000   0.000000000000   0.000000000000
                   0.000000000000   0.000000000000   1.000000000000
         0,    8  -1.000000000000  -0.000000000000  -0.000000000000
                   0.000000000000   0.000000000000   1.000000000000
0,   33   3.614378887865   2.926554251394   4.000000000000    2    0
         0,   50   1.000000000000   0.000000000000   0.000000000000
                   0.000000000000   0.000000000000   1.000000000000
         0,   47  -1.000000000000  -0.000000000000  -0.000000000000
                   0.000000000000   0.000000000000   1.000000000000
0,   34   5.369503587146   5.665628748867   4.000000000000    2    0
         0,    7   1.000000000000   0.000000000000   0.000000000000
                   0.000000000000   0.000000000000   1.000000000000
         0,   18  -1.000000000000  -0.000000000000  -0.000000000000
                   0.000000000000   0.000000000000   1.000000000000
0,   35   6.719578571956   3.745838544242   4.000000000000    2    0
         0,    1   1.000000000000   0.000000000000   0.000000000000
                   0.000000000000   0.000000000000   1.000000000000
         0,   20  -1.000000000000  -0.000000000000  -0.000000000000
                   0.000000000000   0.000000000000   1.000000000000
0,   36   3.614378887865   5.073445748606   4.000000000000    2    0
         0,   48   1.000000000000   0.000000000000   0.000000000000
                   0.000000000000   0.000000000000   1.000000000000
         0,   49  -1.000000000000  -0.000000000000  -0.000000000000
                   0.000000000000   0.000000000000   1.000000000000
0,   37   6.564920991646   3.293204066311   4.000000000000    2    0
         0,   20   1.000000000000   0.000000000000   0.000000000000
                   0.000000000000   0.000000000000   1.000000000000
         0,   16  -1.000000000000  -0.000000000000  -0.000000000000
                   0.000000000000   0.000000000000   1.000000000000
0,   38   6.564920991646   4.706795933689   4.000000000000    2    0
         0,   15   1.000000000000   0.000000000000   0.000000000000
                   0.000000000000   0.000000000000   1.000000000000
         0,   19  -1.000000000000  -0.000000000000  -0.000000000000
                   0.000000000000   0.000000000000   1.000000000000
0,   39   3.808400282684   3.445456795132   4.000000000000    2    0
         0,    9   1.000000000000   0.000000000000   0.000000000000
                   0.000000000000   0.000000000000   1.000000000000
         0,    0  -1.000000000000  -0.000000000000  -0.000000000000
                   0.000000000000   0.000000000000   1.000000000000
0,   40   3.808400282684   4.554543204868   4.000000000000    2    0
         0,    2   1.000000000000   0.000000000000   0.000000000000
                   0.000000000000   0.000000000000   1.000000000000
         0,   10  -1.000000000000  -0.000000000000  -0.000000000000
                   0.000000000000   0.000000000000   1.000000000000
0,   41   3.930337152265   5.467793197914   4.000000000000    2    0
         0,   21   1.000000000000   0.000000000000   0.000000000000
                   0.000000000000   0.000000000000   1.000000000000
         0,    6  -1.000000000000  -0.000000000000  -0.000000000000
                   0.000000000000   0.000000000000   1.000000000000
0,   42   3.930337152265   2.532206802086   4.000000000000    2    0
         0,    5   1.000000000000   0.000000000000   0.000000000000
                   0.000000000000   0.000000000000   1.000000000000
         0,   22  -1.000000000000  -0.000000000000  -0.000000000000
                   0.000000000000   0.000000000000   1.000000000000
0,   43   6.340878533599   5.040625756584   4.000000000000    2    0
         0,   24   1.000000000000   0.000000000000   0.000000000000
                   0.000000000000   0.000000000000   1.000000000000
         0,   15  -1.000000000000  -0.000000000000  -0.000000000000
                   0.000000000000   0.000000000000   1.000000000000
0,   44   6.340878533599   2.959374243416   4.000000000000    2    0
         0,   16   1.000000000000   0.000000000000   0.000000000000
                   0.000000000000   0.000000000000   1.000000000000
         0,   23  -1.000000000000  -0.000000000000  -0.000000000000
                   0.000000000000   0.000000000000   1.000000000000
0,   45   6.105570265456   2.723943209122   4.000000000000    2    0
         0,   23   1.000000000000   0.000000000000   0.000000000000
                   0.000000000000   0.000000000000   1.000000000000
         0,   12  -1.000000000000  -0.000000000000  -0.000000000000
                   0.000000000000   0.000000000000   1.000000000000
0,   46   6.105570265456   5.276056790878   4.000000000000    2    0
         0,   11   1.000000000000   0.000000000000   0.000000000000
                   0.000000000000   0.000000000000   1.000000000000
         0,   24  -1.000000000000  -0.000000000000  -0.000000000000
                   0.000000000000   0.000000000000   1.000000000000
0,   47   3.579043131277   3.096161353298   4.000000000000    2    0
         0,   33   1.000000000000   0.000000000000   0.000000000000
                   0.000000000000   0.000000000000   1.000000000000
         0,    9  -1.000000000000  -0.000000000000  -0.000000000000
                   0.000000000000   0.000000000000   1.000000000000
0,   48   3.579043131277   4.903838646702   4.000000000000    2    0
         0,   10   1.000000000000   0.000000000000   0.000000000000
                   0.000000000000   0.000000000000   1.000000000000
         0,   36  -1.000000000000  -0.000000000000  -0.000000000000
                   0.000000000000   0.000000000000   1.000000000000
0,   49   3.682013206891   5.215144388609   4.000000000000    2    0
         0,   36   1.000000000000   0.000000000000   0.000000000000
                   0.000000000000   0.000000000000   1.000000000000
         0,   21  -1.000000000000  -0.000000000000  -0.000000000000
                   0.000000000000   0.000000000000   1.000000000000
0,   50   3.682013206891   2.784855611391   4.000000000000    2    0
         0,   22   1.000000000000   0.000000000000   0.000000000000
                   0.000000000000   0.000000000000   1.000000000000
         0,   33  -1.000000000000  -0.000000000000  -0.000000000000
                   0.000000000000   0.000000000000   1.000000000000
