dataFileVersion = 4
numFileSegments = 1
minCoordinates = [
 0.000000
 0.000000
 0.000000
 ]
maxCoordinates = [
 8.000000
 8.000000
 8.000000
 ]
nodeCount = 138
dataDecompType = 2
dataDecompGeometry = [
 1
 1
 1
 ]

#
#  END OF DATA FILE PARAMETERS
#

domainDecomposition = 
# Dom_ID  Minimum XYZ bounds   Maximum XYZ bounds
  0  0.000000  0.000000  0.000000  8.000000  8.000000  8.000000
nodalData =
# Primary lines: node_tag, x, y, z, num_arms, constraint
# Secondary lines: arm_tag, burgx, burgy, burgz, nx, ny, nz
0,    0   4.000000000000   3.500000000000   4.000000000000    2    7
         0,  114   1.000000000000   0.000000000000   0.000000000000
                   0.000000000000   0.000000000000   1.000000000000
         0,    4  -1.000000000000  -0.000000000000  -0.000000000000
                   0.000000000000  -1.000000000000   0.000000000000
0,    1   9.365406305481   4.000000000000   4.000000000000    2    0
         0,   99  -1.000000000000  -0.000000000000  -0.000000000000
                   0.000000000000   0.000000000000   1.000000000000
         0,   65   1.000000000000   0.000000000000   0.000000000000
                   0.000000000000   0.000000000000   1.000000000000
0,    2   4.000000000000   4.500000000000   4.000000000000    2    7
         0,  113  -1.000000000000  -0.000000000000  -0.000000000000
                   0.000000000000   0.000000000000   1.000000000000
         0,    3   1.000000000000   0.000000000000   0.000000000000
                  -0.000000000000   1.000000000000   0.000000000000
0,    3   4.000000000000   4.500000000000   3.000000000000    2    7
         0,    2  -1.000000000000  -0.000000000000  -0.000000000000
                  -0.000000000000   1.000000000000   0.000000000000
         0,    4   1.000000000000   0.000000000000   0.000000000000
                   0.000000000000   0.000000000000  -1.000000000000
0,    4   4.000000000000   3.500000000000   3.000000000000    2    7
         0,    3  -1.000000000000  -0.000000000000  -0.000000000000
                   0.000000000000   0.000000000000  -1.000000000000
         0,    0   1.000000000000   0.000000000000   0.000000000000
                   0.000000000000  -1.000000000000   0.000000000000
0,    5   3.000340035197   0.397454910520   4.000000000000    2    0
         0,  116   1.000000000000   0.000000000000   0.000000000000
                   0.000000000000   0.000000000000   1.000000000000
         0,   88  -1.000000000000  -0.000000000000  -0.000000000000
                   0.000000000000   0.000000000000   1.000000000000
0,    6   3.000340035197   7.602545089480   4.000000000000    2    0
         0,   87   1.000000000000   0.000000000000   0.000000000000
                   0.000000000000   0.000000000000   1.000000000000
         0,   48  -1.000000000000  -0.000000000000  -0.000000000000
                   0.000000000000   0.000000000000   1.000000000000
0,    7   5.453871391770   8.043744937486   4.000000000000    2    0
         0,   61   1.000000000000   0.000000000000   0.000000000000
                   0.000000000000   0.000000000000   1.000000000000
         0,   94  -1.000000000000  -0.000000000000  -0.000000000000
                   0.000000000000   0.000000000000   1.000000000000
0,    8   5.453871391770  -0.043744937486   4.000000000000    2    0
         0,   93   1.000000000000   0.000000000000   0.000000000000
                   0.000000000000   0.000000000000   1.000000000000
         0,   62  -1.000000000000  -0.000000000000  -0.000000000000
                   0.000000000000   0.000000000000   1.000000000000
0,    9   1.326475604896   2.883240094261   4.000000000000    2    0
         0,   33   1.000000000000   0.000000000000   0.000000000000
                   0.000000000000   0.000000000000   1.000000000000
         0,   86  -1.000000000000  -0.000000000000  -0.000000000000
                   0.000000000000   0.000000000000   1.000000000000
0,   10   1.570916541008   1.786212134205   4.000000000000    2    0
         0,   50   1.000000000000   0.000000000000   0.000000000000
                   0.000000000000   0.000000000000   1.000000000000
         0,   72  -1.000000000000  -0.000000000000  -0.000000000000
                   0.000000000000   0.000000000000   1.000000000000
0,   11   7.269036312173   7.445580665493   4.000000000000    2    0
         0,   75   1.000000000000   0.000000000000   0.000000000000
                   0.000000000000   0.000000000000   1.000000000000
         0,  111  -1.000000000000  -0.000000000000  -0.000000000000
                   0.000000000000   0.000000000000   1.000000000000
0,   12   7.269036312173   0.554419334507   4.000000000000    2    0
         0,  109   1.000000000000   0.000000000000   0.000000000000
                   0.000000000000   0.000000000000   1.000000000000
         0,   76  -1.000000000000  -0.000000000000  -0.000000000000
                   0.000000000000   0.000000000000   1.000000000000
0,   13   4.273904240130  -0.068978774079   4.000000000000    2    0
         0,  127   1.000000000000   0.000000000000   0.000000000000
                   0.000000000000   0.000000000000   1.000000000000
         0,  125  -1.000000000000  -0.000000000000  -0.000000000000
                   0.000000000000   0.000000000000   1.000000000000
0,   14   4.273904240130   8.068978774079   4.000000000000    2    0
         0,  124   1.000000000000   0.000000000000   0.000000000000
                   0.000000000000   0.000000000000   1.000000000000
         0,  129  -1.000000000000  -0.000000000000  -0.000000000000
                   0.000000000000   0.000000000000   1.000000000000
0,   15   8.455673368708   6.445281876983   4.000000000000    2    0
         0,   95   1.000000000000   0.000000000000   0.000000000000
                   0.000000000000   0.000000000000   1.000000000000
         0,   73  -1.000000000000  -0.000000000000  -0.000000000000
                   0.000000000000   0.000000000000   1.000000000000
0,   16   8.455673368708   1.554718123017   4.000000000000    2    0
         0,   71   1.000000000000   0.000000000000   0.000000000000
                   0.000000000000   0.000000000000   1.000000000000
         0,   97  -1.000000000000  -0.000000000000  -0.000000000000
                   0.000000000000   0.000000000000   1.000000000000
0,   17   6.366300139189   0.151872186727   4.000000000000    2    0
         0,   79   1.000000000000   0.000000000000   0.000000000000
                   0.000000000000   0.000000000000   1.000000000000
         0,   84  -1.000000000000  -0.000000000000  -0.000000000000
                   0.000000000000   0.000000000000   1.000000000000
0,   18   6.366300139189   7.848127813273   4.000000000000    2    0
         0,   83   1.000000000000   0.000000000000   0.000000000000
                   0.000000000000   0.000000000000   1.000000000000
         0,   80  -1.000000000000  -0.000000000000  -0.000000000000
                   0.000000000000   0.000000000000   1.000000000000
0,   19   9.061731724451   5.456611897825   4.000000000000    2    0
         0,  136   1.000000000000   0.000000000000   0.000000000000
                   0.000000000000   0.000000000000   1.000000000000
         0,   47  -1.000000000000  -0.000000000000  -0.000000000000
                   0.000000000000   0.000000000000   1.000000000000
0,   20   9.061731724451   2.543388102175   4.000000000000    2    0
         0,  115   1.000000000000   0.000000000000   0.000000000000
                   0.000000000000   0.000000000000   1.000000000000
         0,  137  -1.000000000000  -0.000000000000  -0.000000000000
                   0.000000000000   0.000000000000   1.000000000000
0,   21   2.102325550384   6.940421335719   4.000000000000    2    0
         0,  126   1.000000000000   0.000000000000   0.000000000000
                   0.000000000000   0.000000000000   1.000000000000
         0,  130  -1.000000000000  -0.000000000000  -0.000000000000
                   0.000000000000   0.000000000000   1.000000000000
0,   22   2.102325550311   1.059578664121   4.000000000000    2    0
         0,  128   1.000000000000   0.000000000000   0.000000000000
                   0.000000000000   0.000000000000   1.000000000000
         0,   91  -1.000000000000  -0.000000000000  -0.000000000000
                   0.000000000000   0.000000000000   1.000000000000
0,   23   7.865605425907   0.968318427840   4.000000000000    2    0
         0,  101   1.000000000000   0.000000000000   0.000000000000
                   0.000000000000   0.000000000000   1.000000000000
         0,  105  -1.000000000000  -0.000000000000  -0.000000000000
                   0.000000000000   0.000000000000   1.000000000000
0,   24   7.865605425907   7.031681572160   4.000000000000    2    0
         0,  103   1.000000000000   0.000000000000   0.000000000000
                   0.000000000000   0.000000000000   1.000000000000
         0,  102  -1.000000000000  -0.000000000000  -0.000000000000
                   0.000000000000   0.000000000000   1.000000000000
0,   25   4.881746210892   8.067318717353   4.000000000000    2    0
         0,  134   1.000000000000   0.000000000000   0.000000000000
                   0.000000000000   0.000000000000   1.000000000000
         0,   61  -1.000000000000  -0.000000000000  -0.000000000000
                   0.000000000000   0.000000000000   1.000000000000
0,   26   4.881746210892  -0.067318717353   4.000000000000    2    0
         0,   62   1.000000000000   0.000000000000   0.000000000000
                   0.000000000000   0.000000000000   1.000000000000
         0,  135  -1.000000000000  -0.000000000000  -0.000000000000
                   0.000000000000   0.000000000000   1.000000000000
0,   27   3.629069956965   0.110212923715   4.000000000000    2    0
         0,  119   1.000000000000   0.000000000000   0.000000000000
                   0.000000000000   0.000000000000   1.000000000000
         0,  118  -1.000000000000  -0.000000000000  -0.000000000000
                   0.000000000000   0.000000000000   1.000000000000
0,   28   3.629069956965   7.889787076285   4.000000000000    2    0
         0,  117   1.000000000000   0.000000000000   0.000000000000
                   0.000000000000   0.000000000000   1.000000000000
         0,  121  -1.000000000000  -0.000000000000  -0.000000000000
                   0.000000000000   0.000000000000   1.000000000000
0,   29   6.833720459875   7.668751037841   4.000000000000    2    0
         0,   80   1.000000000000   0.000000000000   0.000000000000
                   0.000000000000   0.000000000000   1.000000000000
         0,   75  -1.000000000000  -0.000000000000  -0.000000000000
                   0.000000000000   0.000000000000   1.000000000000
0,   30   6.833720459875   0.331248962159   4.000000000000    2    0
         0,   76   1.000000000000   0.000000000000   0.000000000000
                   0.000000000000   0.000000000000   1.000000000000
         0,   79  -1.000000000000  -0.000000000000  -0.000000000000
                   0.000000000000   0.000000000000   1.000000000000
0,   31   9.282672495270   4.766964968515   4.000000000000    2    0
         0,  110   1.000000000000   0.000000000000   0.000000000000
                   0.000000000000   0.000000000000   1.000000000000
         0,   64  -1.000000000000  -0.000000000000  -0.000000000000
                   0.000000000000   0.000000000000   1.000000000000
0,   32   5.895200208221   0.026676547057   4.000000000000    2    0
         0,   84   1.000000000000   0.000000000000   0.000000000000
                   0.000000000000   0.000000000000   1.000000000000
         0,   93  -1.000000000000  -0.000000000000  -0.000000000000
                   0.000000000000   0.000000000000   1.000000000000
0,   33   1.329078856380   2.617322267994   4.000000000000    2    0
         0,  131   1.000000000000   0.000000000000   0.000000000000
                   0.000000000000   0.000000000000   1.000000000000
         0,    9  -1.000000000000  -0.000000000000  -0.000000000000
                   0.000000000000   0.000000000000   1.000000000000
0,   34   5.895200208221   7.973323452943   4.000000000000    2    0
         0,   94   1.000000000000   0.000000000000   0.000000000000
                   0.000000000000   0.000000000000   1.000000000000
         0,   83  -1.000000000000  -0.000000000000  -0.000000000000
                   0.000000000000   0.000000000000   1.000000000000
0,   35   9.282672495270   3.233035031485   4.000000000000    2    0
         0,  108   1.000000000000   0.000000000000   0.000000000000
                   0.000000000000   0.000000000000   1.000000000000
         0,  112  -1.000000000000  -0.000000000000  -0.000000000000
                   0.000000000000   0.000000000000   1.000000000000
0,   36   1.329077515884   5.382678485784   4.000000000000    2    0
         0,  104   1.000000000000   0.000000000000   0.000000000000
                   0.000000000000   0.000000000000   1.000000000000
         0,  133  -1.000000000000  -0.000000000000  -0.000000000000
                   0.000000000000   0.000000000000   1.000000000000
0,   37   8.785162203012   2.012485983208   4.000000000000    2    0
         0,   70   1.000000000000   0.000000000000   0.000000000000
                   0.000000000000   0.000000000000   1.000000000000
         0,   71  -1.000000000000  -0.000000000000  -0.000000000000
                   0.000000000000   0.000000000000   1.000000000000
0,   38   8.785162203012   5.987514016792   4.000000000000    2    0
         0,   73   1.000000000000   0.000000000000   0.000000000000
                   0.000000000000   0.000000000000   1.000000000000
         0,   69  -1.000000000000  -0.000000000000  -0.000000000000
                   0.000000000000   0.000000000000   1.000000000000
0,   39   4.419035195259   3.648131161133   4.000000000000    2    0
         0,  132   1.000000000000   0.000000000000   0.000000000000
                   0.000000000000   0.000000000000   1.000000000000
         0,  114  -1.000000000000  -0.000000000000  -0.000000000000
                   0.000000000000   0.000000000000   1.000000000000
0,   40   4.429593727203   4.346110636817   4.000000000000    2    0
         0,  113   1.000000000000   0.000000000000   0.000000000000
                   0.000000000000   0.000000000000   1.000000000000
         0,  123  -1.000000000000  -0.000000000000  -0.000000000000
                   0.000000000000   0.000000000000   1.000000000000
0,   41   2.570507464782   7.336662322657   4.000000000000    2    0
         0,   78   1.000000000000   0.000000000000   0.000000000000
                   0.000000000000   0.000000000000   1.000000000000
         0,   87  -1.000000000000  -0.000000000000  -0.000000000000
                   0.000000000000   0.000000000000   1.000000000000
0,   42   2.570507464782   0.663337677343   4.000000000000    2    0
         0,   88   1.000000000000   0.000000000000   0.000000000000
                   0.000000000000   0.000000000000   1.000000000000
         0,   77  -1.000000000000  -0.000000000000  -0.000000000000
                   0.000000000000   0.000000000000   1.000000000000
0,   43   8.166130950127   6.761161900634   4.000000000000    2    0
         0,  102   1.000000000000   0.000000000000   0.000000000000
                   0.000000000000   0.000000000000   1.000000000000
         0,   95  -1.000000000000  -0.000000000000  -0.000000000000
                   0.000000000000   0.000000000000   1.000000000000
0,   44   8.166130950127   1.238838099366   4.000000000000    2    0
         0,   97   1.000000000000   0.000000000000   0.000000000000
                   0.000000000000   0.000000000000   1.000000000000
         0,  101  -1.000000000000  -0.000000000000  -0.000000000000
                   0.000000000000   0.000000000000   1.000000000000
0,   45   7.568057505505   0.744302586311   4.000000000000    2    0
         0,  105   1.000000000000   0.000000000000   0.000000000000
                   0.000000000000   0.000000000000   1.000000000000
         0,  109  -1.000000000000  -0.000000000000  -0.000000000000
                   0.000000000000   0.000000000000   1.000000000000
0,   46   7.568057505505   7.255697413689   4.000000000000    2    0
         0,  111   1.000000000000   0.000000000000   0.000000000000
                   0.000000000000   0.000000000000   1.000000000000
         0,  103  -1.000000000000  -0.000000000000  -0.000000000000
                   0.000000000000   0.000000000000   1.000000000000
0,   47   9.130486040745   5.284954675523   4.000000000000    2    0
         0,   19   1.000000000000   0.000000000000   0.000000000000
                   0.000000000000   0.000000000000   1.000000000000
         0,   60  -1.000000000000  -0.000000000000  -0.000000000000
                   0.000000000000   0.000000000000   1.000000000000
0,   48   3.165526777751   7.642704139783   4.000000000000    2    0
         0,    6   1.000000000000   0.000000000000   0.000000000000
                   0.000000000000   0.000000000000   1.000000000000
         0,   52  -1.000000000000  -0.000000000000  -0.000000000000
                   0.000000000000   0.000000000000   1.000000000000
0,   49   1.687867316651   6.419536925843   4.000000000000    2    0
         0,   63   1.000000000000   0.000000000000   0.000000000000
                   0.000000000000   0.000000000000   1.000000000000
         0,  122  -1.000000000000  -0.000000000000  -0.000000000000
                   0.000000000000   0.000000000000   1.000000000000
0,   50   1.687867308905   1.580463050469   4.000000000000    2    0
         0,  120   1.000000000000   0.000000000000   0.000000000000
                   0.000000000000   0.000000000000   1.000000000000
         0,   10  -1.000000000000  -0.000000000000  -0.000000000000
                   0.000000000000   0.000000000000   1.000000000000
0,   51   3.305021661133   0.238995722300   4.000000000000    2    0
         0,  118   1.000000000000   0.000000000000   0.000000000000
                   0.000000000000   0.000000000000   1.000000000000
         0,  116  -1.000000000000  -0.000000000000  -0.000000000000
                   0.000000000000   0.000000000000   1.000000000000
0,   52   3.305021661133   7.761004277700   4.000000000000    2    0
         0,   48   1.000000000000   0.000000000000   0.000000000000
                   0.000000000000   0.000000000000   1.000000000000
         0,  117  -1.000000000000  -0.000000000000  -0.000000000000
                   0.000000000000   0.000000000000   1.000000000000
0,   53   3.951448679465   7.989263340738   4.000000000000    2    0
         0,  121   1.000000000000   0.000000000000   0.000000000000
                   0.000000000000   0.000000000000   1.000000000000
         0,  124  -1.000000000000  -0.000000000000  -0.000000000000
                   0.000000000000   0.000000000000   1.000000000000
0,   54   3.951448679465   0.010736659262   4.000000000000    2    0
         0,  125   1.000000000000   0.000000000000   0.000000000000
                   0.000000000000   0.000000000000   1.000000000000
         0,  119  -1.000000000000  -0.000000000000  -0.000000000000
                   0.000000000000   0.000000000000   1.000000000000
0,   55   9.344260042296   4.388552556598   4.000000000000    2    0
         0,   64   1.000000000000   0.000000000000   0.000000000000
                   0.000000000000   0.000000000000   1.000000000000
         0,   65  -1.000000000000  -0.000000000000  -0.000000000000
                   0.000000000000   0.000000000000   1.000000000000
0,   56   4.580740599525  -0.071369177476   4.000000000000    2    0
         0,  135   1.000000000000   0.000000000000   0.000000000000
                   0.000000000000   0.000000000000   1.000000000000
         0,  127  -1.000000000000  -0.000000000000  -0.000000000000
                   0.000000000000   0.000000000000   1.000000000000
0,   57   4.580740599525   8.071369177476   4.000000000000    2    0
         0,  129   1.000000000000   0.000000000000   0.000000000000
                   0.000000000000   0.000000000000   1.000000000000
         0,  134  -1.000000000000  -0.000000000000  -0.000000000000
                   0.000000000000   0.000000000000   1.000000000000
0,   58   9.344260042296   3.611447443402   4.000000000000    2    0
         0,   99   1.000000000000   0.000000000000   0.000000000000
                   0.000000000000   0.000000000000   1.000000000000
         0,  108  -1.000000000000  -0.000000000000  -0.000000000000
                   0.000000000000   0.000000000000   1.000000000000
0,   59   9.188210916400   2.881428012219   4.000000000000    2    0
         0,  112   1.000000000000   0.000000000000   0.000000000000
                   0.000000000000   0.000000000000   1.000000000000
         0,  115  -1.000000000000  -0.000000000000  -0.000000000000
                   0.000000000000   0.000000000000   1.000000000000
0,   60   9.188210916400   5.118571987781   4.000000000000    2    0
         0,   47   1.000000000000   0.000000000000   0.000000000000
                   0.000000000000   0.000000000000   1.000000000000
         0,  110  -1.000000000000  -0.000000000000  -0.000000000000
                   0.000000000000   0.000000000000   1.000000000000
0,   61   5.180662030700   8.065426076215   4.000000000000    2    0
         0,   25   1.000000000000   0.000000000000   0.000000000000
                   0.000000000000   0.000000000000   1.000000000000
         0,    7  -1.000000000000  -0.000000000000  -0.000000000000
                   0.000000000000   0.000000000000   1.000000000000
0,   62   5.180662030700  -0.065426076215   4.000000000000    2    0
         0,    8   1.000000000000   0.000000000000   0.000000000000
                   0.000000000000   0.000000000000   1.000000000000
         0,   26  -1.000000000000  -0.000000000000  -0.000000000000
                   0.000000000000   0.000000000000   1.000000000000
0,   63   1.570916569584   6.213787779357   4.000000000000    2    0
         0,   74   1.000000000000   0.000000000000   0.000000000000
                   0.000000000000   0.000000000000   1.000000000000
         0,   49  -1.000000000000  -0.000000000000  -0.000000000000
                   0.000000000000   0.000000000000   1.000000000000
0,   64   9.318545162974   4.577914620521   4.000000000000    2    0
         0,   31   1.000000000000   0.000000000000   0.000000000000
                   0.000000000000   0.000000000000   1.000000000000
         0,   55  -1.000000000000  -0.000000000000  -0.000000000000
                   0.000000000000   0.000000000000   1.000000000000
0,   65   9.360126326995   4.194255261701   4.000000000000    2    0
         0,   55   1.000000000000   0.000000000000   0.000000000000
                   0.000000000000   0.000000000000   1.000000000000
         0,    1  -1.000000000000  -0.000000000000  -0.000000000000
                   0.000000000000   0.000000000000   1.000000000000
0,   66   1.495486891085   4.395217623331   4.000000000000    2    0
         0,   68   1.000000000000   0.000000000000   0.000000000000
                   0.000000000000   0.000000000000   1.000000000000
         0,  107  -1.000000000000  -0.000000000000  -0.000000000000
                   0.000000000000   0.000000000000   1.000000000000
0,   67   1.493880671062   3.603967497724   4.000000000000    2    0
         0,  106   1.000000000000   0.000000000000   0.000000000000
                   0.000000000000   0.000000000000   1.000000000000
         0,   92  -1.000000000000  -0.000000000000  -0.000000000000
                   0.000000000000   0.000000000000   1.000000000000
0,   68   1.547140288775   4.224614365647   4.000000000000    2    0
         0,   90   1.000000000000   0.000000000000   0.000000000000
                   0.000000000000   0.000000000000   1.000000000000
         0,   66  -1.000000000000  -0.000000000000  -0.000000000000
                   0.000000000000   0.000000000000   1.000000000000
0,   69   8.932455872737   5.729214189702   4.000000000000    2    0
         0,   38   1.000000000000   0.000000000000   0.000000000000
                   0.000000000000   0.000000000000   1.000000000000
         0,  136  -1.000000000000  -0.000000000000  -0.000000000000
                   0.000000000000   0.000000000000   1.000000000000
0,   70   8.932455872737   2.270785810298   4.000000000000    2    0
         0,  137   1.000000000000   0.000000000000   0.000000000000
                   0.000000000000   0.000000000000   1.000000000000
         0,   37  -1.000000000000  -0.000000000000  -0.000000000000
                   0.000000000000   0.000000000000   1.000000000000
0,   71   8.627024602789   1.776331900474   4.000000000000    2    0
         0,   37   1.000000000000   0.000000000000   0.000000000000
                   0.000000000000   0.000000000000   1.000000000000
         0,   16  -1.000000000000  -0.000000000000  -0.000000000000
                   0.000000000000   0.000000000000   1.000000000000
0,   72   1.469843473553   2.011190567528   4.000000000000    2    0
         0,   10   1.000000000000   0.000000000000   0.000000000000
                   0.000000000000   0.000000000000   1.000000000000
         0,   96  -1.000000000000  -0.000000000000  -0.000000000000
                   0.000000000000   0.000000000000   1.000000000000
0,   73   8.627024602789   6.223668099526   4.000000000000    2    0
         0,   15   1.000000000000   0.000000000000   0.000000000000
                   0.000000000000   0.000000000000   1.000000000000
         0,   38  -1.000000000000  -0.000000000000  -0.000000000000
                   0.000000000000   0.000000000000   1.000000000000
0,   74   1.469843545520   5.988809117175   4.000000000000    2    0
         0,   98   1.000000000000   0.000000000000   0.000000000000
                   0.000000000000   0.000000000000   1.000000000000
         0,   63  -1.000000000000  -0.000000000000  -0.000000000000
                   0.000000000000   0.000000000000   1.000000000000
0,   75   7.054295389815   7.563067062714   4.000000000000    2    0
         0,   29   1.000000000000   0.000000000000   0.000000000000
                   0.000000000000   0.000000000000   1.000000000000
         0,   11  -1.000000000000  -0.000000000000  -0.000000000000
                   0.000000000000   0.000000000000   1.000000000000
0,   76   7.054295389815   0.436932937286   4.000000000000    2    0
         0,   12   1.000000000000   0.000000000000   0.000000000000
                   0.000000000000   0.000000000000   1.000000000000
         0,   30  -1.000000000000  -0.000000000000  -0.000000000000
                   0.000000000000   0.000000000000   1.000000000000
0,   77   2.335146920312   0.844836575388   4.000000000000    2    0
         0,   42   1.000000000000   0.000000000000   0.000000000000
                   0.000000000000   0.000000000000   1.000000000000
         0,  128  -1.000000000000  -0.000000000000  -0.000000000000
                   0.000000000000   0.000000000000   1.000000000000
0,   78   2.335146920315   7.155163424605   4.000000000000    2    0
         0,  130   1.000000000000   0.000000000000   0.000000000000
                   0.000000000000   0.000000000000   1.000000000000
         0,   41  -1.000000000000  -0.000000000000  -0.000000000000
                   0.000000000000   0.000000000000   1.000000000000
0,   79   6.604307510782   0.235958234616   4.000000000000    2    0
         0,   30   1.000000000000   0.000000000000   0.000000000000
                   0.000000000000   0.000000000000   1.000000000000
         0,   17  -1.000000000000  -0.000000000000  -0.000000000000
                   0.000000000000   0.000000000000   1.000000000000
0,   80   6.604307510782   7.764041765384   4.000000000000    2    0
         0,   18   1.000000000000   0.000000000000   0.000000000000
                   0.000000000000   0.000000000000   1.000000000000
         0,   29  -1.000000000000  -0.000000000000  -0.000000000000
                   0.000000000000   0.000000000000   1.000000000000
0,   81   1.889875864310   6.702148174953   4.000000000000    2    0
         0,  122   1.000000000000   0.000000000000   0.000000000000
                   0.000000000000   0.000000000000   1.000000000000
         0,  126  -1.000000000000  -0.000000000000  -0.000000000000
                   0.000000000000   0.000000000000   1.000000000000
0,   82   1.889875863396   1.297851822971   4.000000000000    2    0
         0,   91   1.000000000000   0.000000000000   0.000000000000
                   0.000000000000   0.000000000000   1.000000000000
         0,  120  -1.000000000000  -0.000000000000  -0.000000000000
                   0.000000000000   0.000000000000   1.000000000000
0,   83   6.124047051047   7.919146521942   4.000000000000    2    0
         0,   34   1.000000000000   0.000000000000   0.000000000000
                   0.000000000000   0.000000000000   1.000000000000
         0,   18  -1.000000000000  -0.000000000000  -0.000000000000
                   0.000000000000   0.000000000000   1.000000000000
0,   84   6.124047051047   0.080853478058   4.000000000000    2    0
         0,   17   1.000000000000   0.000000000000   0.000000000000
                   0.000000000000   0.000000000000   1.000000000000
         0,   32  -1.000000000000  -0.000000000000  -0.000000000000
                   0.000000000000   0.000000000000   1.000000000000
0,   85   1.360417755379   4.861540781916   4.000000000000    2    0
         0,  107   1.000000000000   0.000000000000   0.000000000000
                   0.000000000000   0.000000000000   1.000000000000
         0,  104  -1.000000000000  -0.000000000000  -0.000000000000
                   0.000000000000   0.000000000000   1.000000000000
0,   86   1.360326068366   3.138415470556   4.000000000000    2    0
         0,    9   1.000000000000   0.000000000000   0.000000000000
                   0.000000000000   0.000000000000   1.000000000000
         0,  106  -1.000000000000  -0.000000000000  -0.000000000000
                   0.000000000000   0.000000000000   1.000000000000
0,   87   2.791065134229   7.476220587772   4.000000000000    2    0
         0,   41   1.000000000000   0.000000000000   0.000000000000
                   0.000000000000   0.000000000000   1.000000000000
         0,    6  -1.000000000000  -0.000000000000  -0.000000000000
                   0.000000000000   0.000000000000   1.000000000000
0,   88   2.791065134229   0.523779412228   4.000000000000    2    0
         0,    5   1.000000000000   0.000000000000   0.000000000000
                   0.000000000000   0.000000000000   1.000000000000
         0,   42  -1.000000000000  -0.000000000000  -0.000000000000
                   0.000000000000   0.000000000000   1.000000000000
0,   89   1.566222055652   3.877500518171   4.000000000000    2    0
         0,   92   1.000000000000   0.000000000000   0.000000000000
                   0.000000000000   0.000000000000   1.000000000000
         0,   90  -1.000000000000  -0.000000000000  -0.000000000000
                   0.000000000000   0.000000000000   1.000000000000
0,   90   1.575365673949   4.073606298776   4.000000000000    2    0
         0,   68  -1.000000000000  -0.000000000000  -0.000000000000
                   0.000000000000   0.000000000000   1.000000000000
         0,   89   1.000000000000   0.000000000000   0.000000000000
                   0.000000000000   0.000000000000   1.000000000000
0,   91   1.993328004329   1.176498147974   4.000000000000    2    0
         0,   22   1.000000000000   0.000000000000   0.000000000000
                   0.000000000000   0.000000000000   1.000000000000
         0,   82  -1.000000000000  -0.000000000000  -0.000000000000
                   0.000000000000   0.000000000000   1.000000000000
0,   92   1.545557425302   3.776640171674   4.000000000000    2    0
         0,   67   1.000000000000   0.000000000000   0.000000000000
                   0.000000000000   0.000000000000   1.000000000000
         0,   89  -1.000000000000  -0.000000000000  -0.000000000000
                   0.000000000000   0.000000000000   1.000000000000
0,   93   5.674896960735  -0.014008589361   4.000000000000    2    0
         0,   32   1.000000000000   0.000000000000   0.000000000000
                   0.000000000000   0.000000000000   1.000000000000
         0,    8  -1.000000000000  -0.000000000000  -0.000000000000
                   0.000000000000   0.000000000000   1.000000000000
0,   94   5.674896960735   8.014008589361   4.000000000000    2    0
         0,    7   1.000000000000   0.000000000000   0.000000000000
                   0.000000000000   0.000000000000   1.000000000000
         0,   34  -1.000000000000  -0.000000000000  -0.000000000000
                   0.000000000000   0.000000000000   1.000000000000
0,   95   8.311578044220   6.610416103218   4.000000000000    2    0
         0,   43   1.000000000000   0.000000000000   0.000000000000
                   0.000000000000   0.000000000000   1.000000000000
         0,   15  -1.000000000000  -0.000000000000  -0.000000000000
                   0.000000000000   0.000000000000   1.000000000000
0,   96   1.381063941921   2.294336430776   4.000000000000    2    0
         0,   72   1.000000000000   0.000000000000   0.000000000000
                   0.000000000000   0.000000000000   1.000000000000
         0,  131  -1.000000000000  -0.000000000000  -0.000000000000
                   0.000000000000   0.000000000000   1.000000000000
0,   97   8.311578044220   1.389583896782   4.000000000000    2    0
         0,   16   1.000000000000   0.000000000000   0.000000000000
                   0.000000000000   0.000000000000   1.000000000000
         0,   44  -1.000000000000  -0.000000000000  -0.000000000000
                   0.000000000000   0.000000000000   1.000000000000
0,   98   1.381064080223   5.705662663072   4.000000000000    2    0
         0,  133   1.000000000000   0.000000000000   0.000000000000
                   0.000000000000   0.000000000000   1.000000000000
         0,   74  -1.000000000000  -0.000000000000  -0.000000000000
                   0.000000000000   0.000000000000   1.000000000000
0,   99   9.360126326995   3.805744738299   4.000000000000    2    0
         0,    1   1.000000000000   0.000000000000   0.000000000000
                   0.000000000000   0.000000000000   1.000000000000
         0,   58  -1.000000000000  -0.000000000000  -0.000000000000
                   0.000000000000   0.000000000000   1.000000000000
0,  100   4.582773186346   3.958591450593   4.000000000000    2    0
         0,  132  -1.000000000000  -0.000000000000  -0.000000000000
                   0.000000000000   0.000000000000   1.000000000000
         0,  123   1.000000000000   0.000000000000   0.000000000000
                   0.000000000000   0.000000000000   1.000000000000
0,  101   8.019653995143   1.100664528087   4.000000000000    2    0
         0,   44   1.000000000000   0.000000000000   0.000000000000
                   0.000000000000   0.000000000000   1.000000000000
         0,   23  -1.000000000000  -0.000000000000  -0.000000000000
                   0.000000000000   0.000000000000   1.000000000000
0,  102   8.019653995143   6.899335471913   4.000000000000    2    0
         0,   24   1.000000000000   0.000000000000   0.000000000000
                   0.000000000000   0.000000000000   1.000000000000
         0,   43  -1.000000000000  -0.000000000000  -0.000000000000
                   0.000000000000   0.000000000000   1.000000000000
0,  103   7.719508583779   7.146855891627   4.000000000000    2    0
         0,   46   1.000000000000   0.000000000000   0.000000000000
                   0.000000000000   0.000000000000   1.000000000000
         0,   24  -1.000000000000  -0.000000000000  -0.000000000000
                   0.000000000000   0.000000000000   1.000000000000
0,  104   1.326476198772   5.116760607331   4.000000000000    2    0
         0,   85   1.000000000000   0.000000000000   0.000000000000
                   0.000000000000   0.000000000000   1.000000000000
         0,   36  -1.000000000000  -0.000000000000  -0.000000000000
                   0.000000000000   0.000000000000   1.000000000000
0,  105   7.719508583779   0.853144108373   4.000000000000    2    0
         0,   23   1.000000000000   0.000000000000   0.000000000000
                   0.000000000000   0.000000000000   1.000000000000
         0,   45  -1.000000000000  -0.000000000000  -0.000000000000
                   0.000000000000   0.000000000000   1.000000000000
0,  106   1.422027109091   3.381645029315   4.000000000000    2    0
         0,   86   1.000000000000   0.000000000000   0.000000000000
                   0.000000000000   0.000000000000   1.000000000000
         0,   67  -1.000000000000  -0.000000000000  -0.000000000000
                   0.000000000000   0.000000000000   1.000000000000
0,  107   1.422592733709   4.618096293416   4.000000000000    2    0
         0,   66   1.000000000000   0.000000000000   0.000000000000
                   0.000000000000   0.000000000000   1.000000000000
         0,   85  -1.000000000000  -0.000000000000  -0.000000000000
                   0.000000000000   0.000000000000   1.000000000000
0,  108   9.318545162974   3.422085379479   4.000000000000    2    0
         0,   58   1.000000000000   0.000000000000   0.000000000000
                   0.000000000000   0.000000000000   1.000000000000
         0,   35  -1.000000000000  -0.000000000000  -0.000000000000
                   0.000000000000   0.000000000000   1.000000000000
0,  109   7.422266190492   0.647178060823   4.000000000000    2    0
         0,   45   1.000000000000   0.000000000000   0.000000000000
                   0.000000000000   0.000000000000   1.000000000000
         0,   12  -1.000000000000  -0.000000000000  -0.000000000000
                   0.000000000000   0.000000000000   1.000000000000
0,  110   9.239749620398   4.943774775715   4.000000000000    2    0
         0,   60   1.000000000000   0.000000000000   0.000000000000
                   0.000000000000   0.000000000000   1.000000000000
         0,   31  -1.000000000000  -0.000000000000  -0.000000000000
                   0.000000000000   0.000000000000   1.000000000000
0,  111   7.422266190492   7.352821939177   4.000000000000    2    0
         0,   11   1.000000000000   0.000000000000   0.000000000000
                   0.000000000000   0.000000000000   1.000000000000
         0,   46  -1.000000000000  -0.000000000000  -0.000000000000
                   0.000000000000   0.000000000000   1.000000000000
0,  112   9.239749620398   3.056225224285   4.000000000000    2    0
         0,   35   1.000000000000   0.000000000000   0.000000000000
                   0.000000000000   0.000000000000   1.000000000000
         0,   59  -1.000000000000  -0.000000000000  -0.000000000000
                   0.000000000000   0.000000000000   1.000000000000
0,  113   4.208081671524   4.477209147275   4.000000000000    2    0
         0,    2   1.000000000000   0.000000000000   0.000000000000
                   0.000000000000   0.000000000000   1.000000000000
         0,   40  -1.000000000000  -0.000000000000  -0.000000000000
                   0.000000000000   0.000000000000   1.000000000000
0,  114   4.201759949277   3.521988211144   4.000000000000    2    0
         0,   39   1.000000000000   0.000000000000   0.000000000000
                   0.000000000000   0.000000000000   1.000000000000
         0,    0  -1.000000000000  -0.000000000000  -0.000000000000
                   0.000000000000   0.000000000000   1.000000000000
0,  115   9.130486040745   2.715045324477   4.000000000000    2    0
         0,   59   1.000000000000   0.000000000000   0.000000000000
                   0.000000000000   0.000000000000   1.000000000000
         0,   20  -1.000000000000  -0.000000000000  -0.000000000000
                   0.000000000000   0.000000000000   1.000000000000
0,  116   3.165526777751   0.357295860217   4.000000000000    2    0
         0,   51   1.000000000000   0.000000000000   0.000000000000
                   0.000000000000   0.000000000000   1.000000000000
         0,    5  -1.000000000000  -0.000000000000  -0.000000000000
                   0.000000000000   0.000000000000   1.000000000000
0,  117   3.489565330188   7.764932915743   4.000000000000    2    0
         0,   52   1.000000000000   0.000000000000   0.000000000000
                   0.000000000000   0.000000000000   1.000000000000
         0,   28  -1.000000000000  -0.000000000000  -0.000000000000
                   0.000000000000   0.000000000000   1.000000000000
0,  118   3.489565330188   0.235067084257   4.000000000000    2    0
         0,   27   1.000000000000   0.000000000000   0.000000000000
                   0.000000000000   0.000000000000   1.000000000000
         0,   51  -1.000000000000  -0.000000000000  -0.000000000000
                   0.000000000000   0.000000000000   1.000000000000
0,  119   3.811367249178   0.137238326119   4.000000000000    2    0
         0,   54   1.000000000000   0.000000000000   0.000000000000
                   0.000000000000   0.000000000000   1.000000000000
         0,   27  -1.000000000000  -0.000000000000  -0.000000000000
                   0.000000000000   0.000000000000   1.000000000000
0,  120   1.785202991265   1.435514669081   4.000000000000    2    0
         0,   82   1.000000000000   0.000000000000   0.000000000000
                   0.000000000000   0.000000000000   1.000000000000
         0,   50  -1.000000000000  -0.000000000000  -0.000000000000
                   0.000000000000   0.000000000000   1.000000000000
0,  121   3.811367249178   7.862761673881   4.000000000000    2    0
         0,   28   1.000000000000   0.000000000000   0.000000000000
                   0.000000000000   0.000000000000   1.000000000000
         0,   53  -1.000000000000  -0.000000000000  -0.000000000000
                   0.000000000000   0.000000000000   1.000000000000
0,  122   1.785202994339   6.564485323991   4.000000000000    2    0
         0,   49   1.000000000000   0.000000000000   0.000000000000
                   0.000000000000   0.000000000000   1.000000000000
         0,   81  -1.000000000000  -0.000000000000  -0.000000000000
                   0.000000000000   0.000000000000   1.000000000000
0,  123   4.550870112777   4.173876797551   4.000000000000    2    0
         0,   40   1.000000000000   0.000000000000   0.000000000000
                   0.000000000000   0.000000000000   1.000000000000
         0,  100  -1.000000000000  -0.000000000000  -0.000000000000
                   0.000000000000   0.000000000000   1.000000000000
0,  124   4.129714511414   7.937445994927   4.000000000000    2    0
         0,   53   1.000000000000   0.000000000000   0.000000000000
                   0.000000000000   0.000000000000   1.000000000000
         0,   14  -1.000000000000  -0.000000000000  -0.000000000000
                   0.000000000000   0.000000000000   1.000000000000
0,  125   4.129714511414   0.062554005073   4.000000000000    2    0
         0,   13   1.000000000000   0.000000000000   0.000000000000
                   0.000000000000   0.000000000000   1.000000000000
         0,   54  -1.000000000000  -0.000000000000  -0.000000000000
                   0.000000000000   0.000000000000   1.000000000000
0,  126   1.993328004608   6.823501851423   4.000000000000    2    0
         0,   81   1.000000000000   0.000000000000   0.000000000000
                   0.000000000000   0.000000000000   1.000000000000
         0,   21  -1.000000000000  -0.000000000000  -0.000000000000
                   0.000000000000   0.000000000000   1.000000000000
0,  127   4.432027618579   0.002468339576   4.000000000000    2    0
         0,   56   1.000000000000   0.000000000000   0.000000000000
                   0.000000000000   0.000000000000   1.000000000000
         0,   13  -1.000000000000  -0.000000000000  -0.000000000000
                   0.000000000000   0.000000000000   1.000000000000
0,  128   2.215381860823   0.950999235575   4.000000000000    2    0
         0,   77   1.000000000000   0.000000000000   0.000000000000
                   0.000000000000   0.000000000000   1.000000000000
         0,   22  -1.000000000000  -0.000000000000  -0.000000000000
                   0.000000000000   0.000000000000   1.000000000000
0,  129   4.432027618579   7.997531660424   4.000000000000    2    0
         0,   14   1.000000000000   0.000000000000   0.000000000000
                   0.000000000000   0.000000000000   1.000000000000
         0,   57  -1.000000000000  -0.000000000000  -0.000000000000
                   0.000000000000   0.000000000000   1.000000000000
0,  130   2.215381860840   7.049000764387   4.000000000000    2    0
         0,   21   1.000000000000   0.000000000000   0.000000000000
                   0.000000000000   0.000000000000   1.000000000000
         0,   78  -1.000000000000  -0.000000000000  -0.000000000000
                   0.000000000000   0.000000000000   1.000000000000
0,  131   1.348784870288   2.454807906677   4.000000000000    2    0
         0,   96   1.000000000000   0.000000000000   0.000000000000
                   0.000000000000   0.000000000000   1.000000000000
         0,   33  -1.000000000000  -0.000000000000  -0.000000000000
                   0.000000000000   0.000000000000   1.000000000000
0,  132   4.528433702267   3.786895342360   4.000000000000    2    0
         0,  100   1.000000000000   0.000000000000   0.000000000000
                   0.000000000000   0.000000000000   1.000000000000
         0,   39  -1.000000000000  -0.000000000000  -0.000000000000
                   0.000000000000   0.000000000000   1.000000000000
0,  133   1.348784637102   5.545191331814   4.000000000000    2    0
         0,   36   1.000000000000   0.000000000000   0.000000000000
                   0.000000000000   0.000000000000   1.000000000000
         0,   98  -1.000000000000  -0.000000000000  -0.000000000000
                   0.000000000000   0.000000000000   1.000000000000
0,  134   4.728580970615   8.064103840525   4.000000000000    2    0
         0,   57   1.000000000000   0.000000000000   0.000000000000
                   0.000000000000   0.000000000000   1.000000000000
         0,   25  -1.000000000000  -0.000000000000  -0.000000000000
                   0.000000000000   0.000000000000   1.000000000000
0,  135   4.728580970615  -0.064103840525   4.000000000000    2    0
         0,   26   1.000000000000   0.000000000000   0.000000000000
                   0.000000000000   0.000000000000   1.000000000000
         0,   56  -1.000000000000  -0.000000000000  -0.000000000000
                   0.000000000000   0.000000000000   1.000000000000
0,  136   8.997093798594   5.592913043764   4.000000000000    2    0
         0,   69   1.000000000000   0.000000000000   0.000000000000
                   0.000000000000   0.000000000000   1.000000000000
         0,   19  -1.000000000000  -0.000000000000  -0.000000000000
                   0.000000000000   0.000000000000   1.000000000000
0,  137   8.997093798594   2.407086956236   4.000000000000    2    0
         0,   20   1.000000000000   0.000000000000   0.000000000000
                   0.000000000000   0.000000000000   1.000000000000
         0,   70  -1.000000000000  -0.000000000000  -0.000000000000
                   0.000000000000   0.000000000000   1.000000000000
