dataFileVersion = 4
numFileSegments = 1
minCoordinates = [
 0.000000
 0.000000
 0.000000
 ]
maxCoordinates = [
 8.000000
 8.000000
 8.000000
 ]
nodeCount = 19
dataDecompType = 2
dataDecompGeometry = [
 1
 1
 1
 ]

#
#  END OF DATA FILE PARAMETERS
#

domainDecomposition = 
# Dom_ID  Minimum XYZ bounds   Maximum XYZ bounds
  0  0.000000  0.000000  0.000000  8.000000  8.000000  8.000000
nodalData =
# Primary lines: node_tag, x, y, z, num_arms, constraint
# Secondary lines: arm_tag, burgx, burgy, burgz, nx, ny, nz
0,    0   4.000000000000   3.500000000000   4.000000000000    2    7
         0,    9   1.000000000000   0.000000000000   0.000000000000
                   0.000000000000   0.000000000000   1.000000000000
         0,    4  -1.000000000000  -0.000000000000  -0.000000000000
                   0.000000000000  -1.000000000000   0.000000000000
0,    1   5.403867275400   4.000000000000   4.000000000000    2    0
         0,   16  -1.000000000000  -0.000000000000  -0.000000000000
                   0.000000000000   0.000000000000   1.000000000000
         0,   15   1.000000000000   0.000000000000   0.000000000000
                   0.000000000000   0.000000000000   1.000000000000
0,    2   4.000000000000   4.500000000000   4.000000000000    2    7
         0,   10  -1.000000000000  -0.000000000000  -0.000000000000
                   0.000000000000   0.000000000000   1.000000000000
         0,    3   1.000000000000   0.000000000000   0.000000000000
                  -0.000000000000   1.000000000000   0.000000000000
0,    3   4.000000000000   4.500000000000   3.000000000000    2    7
         0,    2  -1.000000000000  -0.000000000000  -0.000000000000
                  -0.000000000000   1.000000000000   0.000000000000
         0,    4   1.000000000000   0.000000000000   0.000000000000
                   0.000000000000   0.000000000000  -1.000000000000
0,    4   4.000000000000   3.500000000000   3.000000000000    2    7
         0,    3  -1.000000000000  -0.000000000000  -0.000000000000
                   0.000000000000   0.000000000000  -1.000000000000
         0,    0   1.000000000000   0.000000000000   0.000000000000
                   0.000000000000  -1.000000000000   0.000000000000
0,    5   4.409752317347   3.220175827658   4.000000000000    2    0
         0,   13   1.000000000000   0.000000000000   0.000000000000
                   0.000000000000   0.000000000000   1.000000000000
         0,    9  -1.000000000000  -0.000000000000  -0.000000000000
                   0.000000000000   0.000000000000   1.000000000000
0,    6   4.409752317347   4.779824172342   4.000000000000    2    0
         0,   10   1.000000000000   0.000000000000   0.000000000000
                   0.000000000000   0.000000000000   1.000000000000
         0,   14  -1.000000000000  -0.000000000000  -0.000000000000
                   0.000000000000   0.000000000000   1.000000000000
0,    7   4.896826734587   4.706774349789   4.000000000000    2    0
         0,   14   1.000000000000   0.000000000000   0.000000000000
                   0.000000000000   0.000000000000   1.000000000000
         0,   18  -1.000000000000  -0.000000000000  -0.000000000000
                   0.000000000000   0.000000000000   1.000000000000
0,    8   4.896826734587   3.293225650211   4.000000000000    2    0
         0,   17   1.000000000000   0.000000000000   0.000000000000
                   0.000000000000   0.000000000000   1.000000000000
         0,   13  -1.000000000000  -0.000000000000  -0.000000000000
                   0.000000000000   0.000000000000   1.000000000000
0,    9   4.144343565321   3.318182503653   4.000000000000    2    0
         0,    5   1.000000000000   0.000000000000   0.000000000000
                   0.000000000000   0.000000000000   1.000000000000
         0,    0  -1.000000000000  -0.000000000000  -0.000000000000
                   0.000000000000   0.000000000000   1.000000000000
0,   10   4.144343565321   4.681817496347   4.000000000000    2    0
         0,    2   1.000000000000   0.000000000000   0.000000000000
                   0.000000000000   0.000000000000   1.000000000000
         0,    6  -1.000000000000  -0.000000000000  -0.000000000000
                   0.000000000000   0.000000000000   1.000000000000
0,   11   5.207703043107   4.480003574402   4.000000000000    2    0
         0,   18   1.000000000000   0.000000000000   0.000000000000
                   0.000000000000   0.000000000000   1.000000000000
         0,   15  -1.000000000000  -0.000000000000  -0.000000000000
                   0.000000000000   0.000000000000   1.000000000000
0,   12   5.207703043107   3.519996425598   4.000000000000    2    0
         0,   16   1.000000000000   0.000000000000   0.000000000000
                   0.000000000000   0.000000000000   1.000000000000
         0,   17  -1.000000000000  -0.000000000000  -0.000000000000
                   0.000000000000   0.000000000000   1.000000000000
0,   13   4.658068937639   3.221676204313   4.000000000000    2    0
         0,    8   1.000000000000   0.000000000000   0.000000000000
                   0.000000000000   0.000000000000   1.000000000000
         0,    5  -1.000000000000  -0.000000000000  -0.000000000000
                   0.000000000000   0.000000000000   1.000000000000
0,   14   4.658068937639   4.778323795687   4.000000000000    2    0
         0,    6   1.000000000000   0.000000000000   0.000000000000
                   0.000000000000   0.000000000000   1.000000000000
         0,    7  -1.000000000000  -0.000000000000  -0.000000000000
                   0.000000000000   0.000000000000   1.000000000000
0,   15   5.346527176193   4.265144874502   4.000000000000    2    0
         0,   11   1.000000000000   0.000000000000   0.000000000000
                   0.000000000000   0.000000000000   1.000000000000
         0,    1  -1.000000000000  -0.000000000000  -0.000000000000
                   0.000000000000   0.000000000000   1.000000000000
0,   16   5.346527176193   3.734855125498   4.000000000000    2    0
         0,    1   1.000000000000   0.000000000000   0.000000000000
                   0.000000000000   0.000000000000   1.000000000000
         0,   12  -1.000000000000  -0.000000000000  -0.000000000000
                   0.000000000000   0.000000000000   1.000000000000
0,   17   5.062345307310   3.388758854505   4.000000000000    2    0
         0,   12   1.000000000000   0.000000000000   0.000000000000
                   0.000000000000   0.000000000000   1.000000000000
         0,    8  -1.000000000000  -0.000000000000  -0.000000000000
                   0.000000000000   0.000000000000   1.000000000000
0,   18   5.062345307310   4.611241145495   4.000000000000    2    0
         0,    7   1.000000000000   0.000000000000   0.000000000000
                   0.000000000000   0.000000000000   1.000000000000
         0,   11  -1.000000000000  -0.000000000000  -0.000000000000
                   0.000000000000   0.000000000000   1.000000000000
