1 1.000000e-07 1.374557e+04 1.153918e+12 1.373468e+00
2 2.200000e-07 3.065232e+04 1.153532e+12 3.921602e+00
3 3.640000e-07 5.067747e+04 1.153264e+12 7.166622e+00
4 5.368000e-07 7.490255e+04 1.152958e+12 1.099585e+01
5 7.441600e-07 1.041477e+05 1.152584e+12 1.458796e+01
6 9.929920e-07 1.386541e+05 1.152354e+12 1.831445e+01
7 1.291590e-06 1.797580e+05 1.152015e+12 2.329512e+01
8 1.649908e-06 2.285571e+05 1.151736e+12 3.082222e+01
9 2.079890e-06 2.866750e+05 1.151313e+12 3.627274e+01
10 2.595868e-06 3.557350e+05 1.150933e+12 4.239177e+01
11 3.215042e-06 4.373044e+05 1.150625e+12 5.194477e+01
12 3.958050e-06 5.338865e+05 1.150372e+12 6.281251e+01
13 4.403855e-06 5.908443e+05 1.150245e+12 7.168908e+01
14 4.849660e-06 6.477316e+05 1.150097e+12 7.708438e+01
15 5.384626e-06 7.152298e+05 1.149822e+12 8.258276e+01
16 6.026586e-06 7.958746e+05 1.149639e+12 8.967038e+01
17 6.796937e-06 8.920450e+05 1.149487e+12 9.590661e+01
18 7.259147e-06 9.486832e+05 1.149413e+12 1.014863e+02
19 7.721358e-06 1.005838e+06 1.149281e+12 1.094302e+02
20 8.276011e-06 1.073404e+06 1.149203e+12 1.144598e+02
21 8.941594e-06 1.154009e+06 1.149104e+12 1.200672e+02
22 9.340944e-06 1.202004e+06 1.149047e+12 1.258299e+02
23 9.740294e-06 1.249694e+06 1.148978e+12 1.300810e+02
24 1.021951e-05 1.306505e+06 1.148885e+12 1.347811e+02
25 1.079458e-05 1.374871e+06 1.148758e+12 1.403140e+02
26 1.148465e-05 1.456197e+06 1.148685e+12 1.463743e+02
27 1.231275e-05 1.553213e+06 1.148451e+12 1.542700e+02
28 1.280960e-05 1.611145e+06 1.148214e+12 1.613113e+02
29 1.330646e-05 1.668757e+06 1.148119e+12 1.690818e+02
30 1.390268e-05 1.737497e+06 1.147944e+12 1.752909e+02
31 1.461816e-05 1.819272e+06 1.147783e+12 1.837080e+02
32 1.547672e-05 1.916881e+06 1.147466e+12 1.975138e+02
33 1.597672e-05 1.973926e+06 1.147395e+12 2.043178e+02
34 1.647672e-05 2.031066e+06 1.147198e+12 2.122758e+02
35 1.707672e-05 2.099146e+06 1.147054e+12 2.184553e+02
36 1.779672e-05 2.180709e+06 1.146851e+12 2.248689e+02
37 1.822872e-05 2.229566e+06 1.146801e+12 2.303368e+02
38 1.866072e-05 2.278551e+06 1.146792e+12 2.348261e+02
39 1.917912e-05 2.337114e+06 1.146786e+12 2.401037e+02
40 1.980120e-05 2.407695e+06 1.146799e+12 2.467741e+02
41 2.054770e-05 2.491757e+06 1.146481e+12 2.546459e+02
42 2.099560e-05 2.541854e+06 1.146346e+12 2.603175e+02
43 2.144349e-05 2.591496e+06 1.146240e+12 2.646971e+02
44 2.198097e-05 2.650997e+06 1.146212e+12 2.704722e+02
45 2.262594e-05 2.721512e+06 1.146154e+12 2.756975e+02
46 2.301293e-05 2.763902e+06 1.146127e+12 2.808973e+02
47 2.339991e-05 2.806551e+06 1.146053e+12 2.854284e+02
48 2.386429e-05 2.857174e+06 1.146012e+12 2.908016e+02
49 2.442155e-05 2.917703e+06 1.145879e+12 2.963050e+02
50 2.509025e-05 2.990037e+06 1.145862e+12 3.019591e+02
51 2.549148e-05 3.033486e+06 1.145865e+12 3.074556e+02
52 2.589270e-05 3.076843e+06 1.145828e+12 3.115068e+02
53 2.637417e-05 3.128510e+06 1.145767e+12 3.161280e+02
54 2.695194e-05 3.190976e+06 1.145792e+12 3.215243e+02
55 2.764525e-05 3.265342e+06 1.145842e+12 3.275803e+02
56 2.806124e-05 3.309641e+06 1.145806e+12 3.331030e+02
57 2.847723e-05 3.354052e+06 1.145840e+12 3.377296e+02
58 2.897642e-05 3.407114e+06 1.145876e+12 3.429554e+02
59 2.957544e-05 3.471111e+06 1.145921e+12 3.483122e+02
60 3.029427e-05 3.547525e+06 1.145855e+12 3.558983e+02
61 3.072557e-05 3.593723e+06 1.145800e+12 3.623027e+02
62 3.115687e-05 3.639759e+06 1.145627e+12 3.678408e+02
63 3.167443e-05 3.694714e+06 1.145588e+12 3.739820e+02
64 3.229550e-05 3.760098e+06 1.145641e+12 3.809929e+02
65 3.304078e-05 3.838194e+06 1.145716e+12 3.902336e+02
66 3.348795e-05 3.884931e+06 1.145746e+12 3.983447e+02
67 3.393512e-05 3.932101e+06 1.145791e+12 4.044342e+02
68 3.447172e-05 3.987686e+06 1.145864e+12 4.113576e+02
69 3.511565e-05 4.054156e+06 1.145954e+12 4.182526e+02
70 3.588836e-05 4.133762e+06 1.146002e+12 4.259642e+02
71 3.635198e-05 4.181710e+06 1.145966e+12 4.325004e+02
72 3.681561e-05 4.229561e+06 1.145980e+12 4.378321e+02
73 3.737196e-05 4.286739e+06 1.145983e+12 4.455887e+02
74 3.803958e-05 4.355116e+06 1.146032e+12 4.560498e+02
75 3.884072e-05 4.436727e+06 1.146061e+12 4.691949e+02
76 3.932141e-05 4.485478e+06 1.145802e+12 4.777990e+02
77 3.980210e-05 4.534012e+06 1.145868e+12 4.843843e+02
78 4.037892e-05 4.592250e+06 1.145717e+12 4.943489e+02
79 4.107111e-05 4.661516e+06 1.145830e+12 5.100600e+02
80 4.148642e-05 4.703025e+06 1.145905e+12 5.161947e+02
81 4.190174e-05 4.744943e+06 1.145903e+12 5.209847e+02
82 4.240011e-05 4.794482e+06 1.146020e+12 5.280073e+02
83 4.299817e-05 4.853106e+06 1.145755e+12 5.450700e+02
84 4.371583e-05 4.923287e+06 1.145773e+12 5.562468e+02
85 4.457702e-05 5.006753e+06 1.145795e+12 5.634863e+02
86 4.507702e-05 5.054955e+06 1.145749e+12 5.700689e+02
87 4.557702e-05 5.103087e+06 1.145475e+12 5.769607e+02
88 4.617702e-05 5.160639e+06 1.145325e+12 5.834194e+02
89 4.689702e-05 5.228668e+06 1.145831e+12 5.931242e+02
90 4.776102e-05 5.309179e+06 1.145329e+12 6.158414e+02
91 4.826102e-05 5.356261e+06 1.145378e+12 6.302544e+02
92 4.876102e-05 5.403408e+06 1.145352e+12 6.420327e+02
93 4.936102e-05 5.460000e+06 1.145330e+12 6.517949e+02
94 5.008102e-05 5.526287e+06 1.145352e+12 6.626864e+02
95 5.051302e-05 5.566298e+06 1.145357e+12 6.758259e+02
96 5.094502e-05 5.606155e+06 1.145380e+12 6.825597e+02
97 5.146342e-05 5.654054e+06 1.145368e+12 6.944881e+02
98 5.208550e-05 5.711254e+06 1.145319e+12 7.039671e+02
99 5.283200e-05 5.780176e+06 1.145427e+12 7.127605e+02
100 5.327990e-05 5.821504e+06 1.145525e+12 7.212292e+02
101 5.372779e-05 5.862558e+06 1.145498e+12 7.269102e+02
102 5.426527e-05 5.911528e+06 1.145630e+12 7.329662e+02
103 5.491024e-05 5.969487e+06 1.145746e+12 7.429371e+02
104 5.568421e-05 6.037432e+06 1.145815e+12 7.582701e+02
105 5.661297e-05 6.118269e+06 1.145674e+12 7.762441e+02
106 5.711297e-05 6.162178e+06 1.145659e+12 7.884754e+02
107 5.761297e-05 6.206097e+06 1.145693e+12 7.949085e+02
108 5.821297e-05 6.257480e+06 1.145763e+12 8.007430e+02
109 5.893297e-05 6.319747e+06 1.145763e+12 8.076674e+02
110 5.979697e-05 6.394457e+06 1.145946e+12 8.168062e+02
111 6.029697e-05 6.438396e+06 1.146050e+12 8.240457e+02
112 6.079697e-05 6.482441e+06 1.146118e+12 8.297616e+02
113 6.139697e-05 6.535165e+06 1.146232e+12 8.366470e+02
114 6.211697e-05 6.598392e+06 1.146614e+12 8.477072e+02
115 6.298097e-05 6.674511e+06 1.146361e+12 8.566522e+02
116 6.348097e-05 6.719048e+06 1.146623e+12 8.654347e+02
117 6.398097e-05 6.763312e+06 1.146110e+12 8.743931e+02
118 6.458097e-05 6.815785e+06 1.145923e+12 8.828615e+02
119 6.530097e-05 6.878056e+06 1.145772e+12 8.966995e+02
120 6.616497e-05 6.951645e+06 1.145833e+12 9.081287e+02
121 6.716497e-05 7.037388e+06 1.145617e+12 9.312607e+02
122 6.766497e-05 7.080296e+06 1.145474e+12 9.400589e+02
123 6.816497e-05 7.123633e+06 1.145530e+12 9.469178e+02
124 6.876497e-05 7.175535e+06 1.145573e+12 9.539985e+02
125 6.948497e-05 7.237419e+06 1.145674e+12 9.629326e+02
126 7.034897e-05 7.310753e+06 1.145474e+12 9.761121e+02
127 7.084897e-05 7.354025e+06 1.145511e+12 9.850658e+02
128 7.134897e-05 7.397567e+06 1.145570e+12 9.898607e+02
129 7.194897e-05 7.449320e+06 1.145567e+12 9.971502e+02
130 7.266897e-05 7.511523e+06 1.145673e+12 1.004113e+03
131 7.310097e-05 7.548875e+06 1.145552e+12 1.010955e+03
132 7.353297e-05 7.586054e+06 1.145580e+12 1.016662e+03
133 7.405137e-05 7.629762e+06 1.145663e+12 1.022820e+03
134 7.467345e-05 7.681179e+06 1.145792e+12 1.028529e+03
135 7.541995e-05 7.743211e+06 1.145774e+12 1.037569e+03
136 7.631574e-05 7.818195e+06 1.145732e+12 1.052754e+03
137 7.681574e-05 7.860825e+06 1.145683e+12 1.062160e+03
138 7.731574e-05 7.903454e+06 1.145568e+12 1.067587e+03
139 7.791574e-05 7.954428e+06 1.145593e+12 1.072904e+03
140 7.863574e-05 8.014362e+06 1.145514e+12 1.080894e+03
141 7.949974e-05 8.085003e+06 1.145487e+12 1.087835e+03
142 7.999974e-05 8.126463e+06 1.145392e+12 1.095739e+03
143 8.049974e-05 8.167900e+06 1.145247e+12 1.104666e+03
144 8.109974e-05 8.217175e+06 1.145096e+12 1.111505e+03
145 8.181974e-05 8.276398e+06 1.145177e+12 1.118629e+03
146 8.268374e-05 8.346824e+06 1.145246e+12 1.131233e+03
147 8.318374e-05 8.388053e+06 1.145175e+12 1.138375e+03
148 8.368374e-05 8.428664e+06 1.145055e+12 1.145848e+03
149 8.428374e-05 8.476816e+06 1.145097e+12 1.155436e+03
150 8.500374e-05 8.534542e+06 1.145163e+12 1.165372e+03
151 8.586774e-05 8.601864e+06 1.145221e+12 1.175707e+03
152 8.686774e-05 8.680029e+06 1.145462e+12 1.193115e+03
153 8.736774e-05 8.719906e+06 1.145499e+12 1.202250e+03
154 8.786774e-05 8.758946e+06 1.145405e+12 1.209426e+03
155 8.846774e-05 8.805999e+06 1.145492e+12 1.217847e+03
156 8.918774e-05 8.862544e+06 1.145614e+12 1.227349e+03
157 9.005174e-05 8.930629e+06 1.145845e+12 1.239514e+03
158 9.055174e-05 8.968571e+06 1.145409e+12 1.251555e+03
159 9.105174e-05 9.005708e+06 1.145200e+12 1.260755e+03
160 9.165174e-05 9.050463e+06 1.144999e+12 1.272436e+03
161 9.237174e-05 9.104718e+06 1.144646e+12 1.287452e+03
162 9.323574e-05 9.170253e+06 1.144433e+12 1.307860e+03
163 9.373574e-05 9.209682e+06 1.144214e+12 1.316042e+03
164 9.423574e-05 9.249279e+06 1.144051e+12 1.323622e+03
165 9.483574e-05 9.296795e+06 1.143614e+12 1.338099e+03
166 9.555574e-05 9.352719e+06 1.143486e+12 1.346096e+03
167 9.641974e-05 9.417836e+06 1.143374e+12 1.356072e+03
168 9.691974e-05 9.455553e+06 1.143221e+12 1.369637e+03
169 9.741974e-05 9.493541e+06 1.142907e+12 1.378640e+03
170 9.801974e-05 9.539211e+06 1.142945e+12 1.386552e+03
171 9.873974e-05 9.594727e+06 1.143079e+12 1.396340e+03
172 9.960374e-05 9.660607e+06 1.143070e+12 1.406425e+03
173 1.006037e-04 9.735464e+06 1.143486e+12 1.422647e+03
174 1.011037e-04 9.773967e+06 1.143415e+12 1.434072e+03
175 1.016037e-04 9.812325e+06 1.143403e+12 1.442246e+03
176 1.022037e-04 9.857806e+06 1.143553e+12 1.448827e+03
177 1.029237e-04 9.911227e+06 1.143587e+12 1.458459e+03
178 1.033557e-04 9.943679e+06 1.143514e+12 1.465831e+03
179 1.037877e-04 9.975883e+06 1.143544e+12 1.472393e+03
180 1.043061e-04 1.001392e+07 1.143526e+12 1.482237e+03
181 1.049282e-04 1.005913e+07 1.143483e+12 1.491337e+03
182 1.056747e-04 1.011293e+07 1.143633e+12 1.499916e+03
183 1.065705e-04 1.017654e+07 1.143754e+12 1.514906e+03
184 1.075705e-04 1.024607e+07 1.143984e+12 1.530944e+03
185 1.085705e-04 1.031379e+07 1.143588e+12 1.548667e+03
186 1.095705e-04 1.037962e+07 1.143163e+12 1.583812e+03
187 1.105705e-04 1.044439e+07 1.143214e+12 1.599686e+03
188 1.115705e-04 1.050772e+07 1.143381e+12 1.615385e+03
189 1.125705e-04 1.057124e+07 1.143342e+12 1.637390e+03
190 1.130705e-04 1.060395e+07 1.143131e+12 1.650545e+03
191 1.135705e-04 1.063526e+07 1.142901e+12 1.660317e+03
192 1.141705e-04 1.067293e+07 1.142993e+12 1.668355e+03
193 1.148905e-04 1.071779e+07 1.143136e+12 1.677862e+03
194 1.157545e-04 1.077208e+07 1.143331e+12 1.687328e+03
195 1.167545e-04 1.083330e+07 1.143434e+12 1.707857e+03
196 1.177545e-04 1.089539e+07 1.143877e+12 1.729567e+03
197 1.187545e-04 1.095537e+07 1.144141e+12 1.751946e+03
198 1.197545e-04 1.101408e+07 1.144308e+12 1.767859e+03
199 1.207545e-04 1.107395e+07 1.144609e+12 1.788559e+03
200 1.212545e-04 1.110549e+07 1.144088e+12 1.801828e+03
201 1.217545e-04 1.113773e+07 1.144268e+12 1.808717e+03
202 1.223545e-04 1.117583e+07 1.144429e+12 1.817462e+03
203 1.230745e-04 1.122174e+07 1.144699e+12 1.824850e+03
204 1.239385e-04 1.127507e+07 1.145157e+12 1.836280e+03
205 1.244385e-04 1.130627e+07 1.145270e+12 1.844392e+03
206 1.249385e-04 1.133674e+07 1.145502e+12 1.851139e+03
207 1.255385e-04 1.137245e+07 1.145552e+12 1.861542e+03
208 1.262585e-04 1.141488e+07 1.145713e+12 1.870988e+03
209 1.271225e-04 1.146392e+07 1.145789e+12 1.885389e+03
210 1.276225e-04 1.149236e+07 1.145639e+12 1.899877e+03
211 1.281225e-04 1.152038e+07 1.145567e+12 1.907118e+03
212 1.287225e-04 1.155403e+07 1.145893e+12 1.915112e+03
213 1.294425e-04 1.159351e+07 1.146269e+12 1.923283e+03
214 1.303065e-04 1.164202e+07 1.146828e+12 1.942943e+03
215 1.313065e-04 1.169869e+07 1.147291e+12 1.966336e+03
216 1.323065e-04 1.175637e+07 1.147448e+12 1.985745e+03
217 1.333065e-04 1.181369e+07 1.147572e+12 2.021312e+03
218 1.343065e-04 1.187055e+07 1.147902e+12 2.044571e+03
219 1.353065e-04 1.192721e+07 1.147818e+12 2.075641e+03
220 1.363065e-04 1.198517e+07 1.148314e+12 2.103216e+03
221 1.373065e-04 1.204350e+07 1.148831e+12 2.122242e+03
222 1.383065e-04 1.210314e+07 1.149211e+12 2.142060e+03
223 1.393065e-04 1.216325e+07 1.149597e+12 2.166664e+03
224 1.398065e-04 1.219448e+07 1.149621e+12 2.177921e+03
225 1.403065e-04 1.222556e+07 1.149668e+12 2.187676e+03
226 1.409065e-04 1.226239e+07 1.150052e+12 2.197844e+03
227 1.416265e-04 1.230431e+07 1.150409e+12 2.217464e+03
228 1.424905e-04 1.235401e+07 1.150953e+12 2.236850e+03
229 1.429905e-04 1.238370e+07 1.150830e+12 2.249879e+03
230 1.434905e-04 1.241301e+07 1.150102e+12 2.269469e+03
231 1.440905e-04 1.244939e+07 1.150214e+12 2.283991e+03
232 1.448105e-04 1.249123e+07 1.150502e+12 2.299199e+03
233 1.456745e-04 1.254212e+07 1.150706e+12 2.323398e+03
234 1.461745e-04 1.257148e+07 1.150926e+12 2.336267e+03
235 1.466745e-04 1.260025e+07 1.150443e+12 2.348357e+03
236 1.472745e-04 1.263346e+07 1.150362e+12 2.356489e+03
237 1.479945e-04 1.267225e+07 1.150534e+12 2.368480e+03
238 1.484265e-04 1.269658e+07 1.150597e+12 2.377006e+03
239 1.488585e-04 1.272143e+07 1.150848e+12 2.383646e+03
240 1.493769e-04 1.275100e+07 1.151104e+12 2.394246e+03
241 1.499990e-04 1.278780e+07 1.151407e+12 2.412042e+03
242 1.507455e-04 1.283262e+07 1.152071e+12 2.431847e+03
243 1.511934e-04 1.286033e+07 1.152270e+12 2.441795e+03
244 1.516413e-04 1.288855e+07 1.152207e+12 2.454461e+03
245 1.521788e-04 1.292304e+07 1.152601e+12 2.468274e+03
246 1.528237e-04 1.296415e+07 1.153209e+12 2.478197e+03
247 1.535977e-04 1.301342e+07 1.153644e+12 2.500369e+03
248 1.545265e-04 1.307161e+07 1.154035e+12 2.517608e+03
249 1.550265e-04 1.310165e+07 1.153818e+12 2.531355e+03
250 1.555265e-04 1.313210e+07 1.153615e+12 2.548784e+03
251 1.561265e-04 1.316731e+07 1.153736e+12 2.566248e+03
252 1.568465e-04 1.320914e+07 1.154074e+12 2.581654e+03
253 1.577105e-04 1.326001e+07 1.154911e+12 2.600076e+03
254 1.587105e-04 1.331895e+07 1.155643e+12 2.615935e+03
255 1.597105e-04 1.337833e+07 1.156396e+12 2.645599e+03
256 1.607105e-04 1.343764e+07 1.157216e+12 2.673853e+03
257 1.617105e-04 1.349482e+07 1.158114e+12 2.697397e+03
258 1.627105e-04 1.355050e+07 1.158192e+12 2.733924e+03
259 1.632105e-04 1.357805e+07 1.157993e+12 2.750671e+03
260 1.637105e-04 1.360492e+07 1.157878e+12 2.760580e+03
261 1.643105e-04 1.363692e+07 1.158033e+12 2.772792e+03
262 1.650305e-04 1.367615e+07 1.158636e+12 2.783547e+03
263 1.658945e-04 1.372021e+07 1.158757e+12 2.802335e+03
264 1.663945e-04 1.374764e+07 1.159035e+12 2.813133e+03
265 1.668945e-04 1.377588e+07 1.159114e+12 2.821216e+03
266 1.674945e-04 1.380917e+07 1.159583e+12 2.829422e+03
267 1.682145e-04 1.384956e+07 1.159755e+12 2.845356e+03
268 1.690785e-04 1.389685e+07 1.160428e+12 2.857692e+03
269 1.695785e-04 1.392343e+07 1.160666e+12 2.868333e+03
270 1.700785e-04 1.394834e+07 1.160795e+12 2.877013e+03
271 1.706785e-04 1.397549e+07 1.161093e+12 2.889706e+03
272 1.713985e-04 1.400780e+07 1.161771e+12 2.898851e+03
273 1.722625e-04 1.404649e+07 1.162305e+12 2.916031e+03
274 1.732625e-04 1.408960e+07 1.163244e+12 2.947652e+03
275 1.737625e-04 1.411216e+07 1.163450e+12 2.965766e+03
276 1.742625e-04 1.413438e+07 1.163828e+12 2.978334e+03
277 1.748625e-04 1.416051e+07 1.164043e+12 2.996367e+03
278 1.755825e-04 1.419354e+07 1.164247e+12 3.013623e+03
279 1.764465e-04 1.423151e+07 1.165610e+12 3.025906e+03
280 1.774465e-04 1.427847e+07 1.165761e+12 3.066860e+03
281 1.779465e-04 1.430146e+07 1.165580e+12 3.081642e+03
282 1.784465e-04 1.432494e+07 1.165645e+12 3.095479e+03
283 1.790465e-04 1.435338e+07 1.165350e+12 3.115493e+03
284 1.797665e-04 1.438689e+07 1.165587e+12 3.138570e+03
285 1.801985e-04 1.440739e+07 1.165605e+12 3.148366e+03
286 1.806305e-04 1.442721e+07 1.165636e+12 3.156905e+03
287 1.811489e-04 1.445139e+07 1.165653e+12 3.168893e+03
288 1.817709e-04 1.447907e+07 1.165415e+12 3.196391e+03
289 1.825174e-04 1.451175e+07 1.165462e+12 3.214369e+03
290 1.829653e-04 1.453110e+07 1.164987e+12 3.225480e+03
291 1.834132e-04 1.455083e+07 1.164461e+12 3.246486e+03
292 1.839507e-04 1.457455e+07 1.164730e+12 3.256165e+03
293 1.845957e-04 1.459944e+07 1.164311e+12 3.275676e+03
294 1.853696e-04 1.463032e+07 1.164569e+12 3.296462e+03
295 1.858340e-04 1.464747e+07 1.164932e+12 3.309903e+03
296 1.862984e-04 1.466359e+07 1.164611e+12 3.323117e+03
297 1.868557e-04 1.468333e+07 1.162985e+12 3.365512e+03
298 1.875244e-04 1.470712e+07 1.162633e+12 3.385517e+03
299 1.883268e-04 1.473519e+07 1.162954e+12 3.400003e+03
300 1.888083e-04 1.475416e+07 1.162884e+12 3.413156e+03
301 1.892898e-04 1.477429e+07 1.162751e+12 3.423528e+03
302 1.898675e-04 1.479827e+07 1.162706e+12 3.436703e+03
303 1.905608e-04 1.482771e+07 1.162854e+12 3.458737e+03
304 1.913928e-04 1.486469e+07 1.163150e+12 3.485732e+03
305 1.923912e-04 1.490831e+07 1.164482e+12 3.517825e+03
306 1.933912e-04 1.495377e+07 1.165829e+12 3.566270e+03
307 1.938912e-04 1.497927e+07 1.165023e+12 3.594042e+03
308 1.943912e-04 1.500457e+07 1.165711e+12 3.611405e+03
309 1.949912e-04 1.503256e+07 1.164994e+12 3.638528e+03
310 1.957112e-04 1.506424e+07 1.165445e+12 3.664453e+03
311 1.965752e-04 1.509735e+07 1.166356e+12 3.692135e+03
312 1.970752e-04 1.511741e+07 1.166062e+12 3.705935e+03
313 1.975752e-04 1.513731e+07 1.165447e+12 3.735869e+03
314 1.981752e-04 1.516100e+07 1.165465e+12 3.752260e+03
315 1.988952e-04 1.518828e+07 1.165859e+12 3.777073e+03
316 1.997592e-04 1.522071e+07 1.166636e+12 3.803102e+03
317 2.007592e-04 1.525681e+07 1.167209e+12 3.838776e+03
318 2.017592e-04 1.529195e+07 1.167598e+12 3.878318e+03
319 2.027592e-04 1.532759e+07 1.167523e+12 3.918117e+03
320 2.037592e-04 1.536771e+07 1.168132e+12 3.946693e+03
321 2.047592e-04 1.540679e+07 1.169211e+12 3.974036e+03
322 2.057592e-04 1.544784e+07 1.168980e+12 4.031069e+03
323 2.067592e-04 1.548966e+07 1.169450e+12 4.076300e+03
324 2.072592e-04 1.551344e+07 1.169687e+12 4.092111e+03
325 2.077592e-04 1.553646e+07 1.169756e+12 4.105468e+03
326 2.083592e-04 1.556342e+07 1.170129e+12 4.121358e+03
327 2.090792e-04 1.559570e+07 1.170776e+12 4.141337e+03
328 2.099432e-04 1.563070e+07 1.170983e+12 4.194599e+03
329 2.109432e-04 1.567034e+07 1.170789e+12 4.246566e+03
330 2.114432e-04 1.569316e+07 1.171535e+12 4.273357e+03
331 2.119432e-04 1.571655e+07 1.170154e+12 4.290603e+03
332 2.125432e-04 1.574404e+07 1.170083e+12 4.318085e+03
333 2.132632e-04 1.577640e+07 1.169228e+12 4.353398e+03
334 2.141272e-04 1.581099e+07 1.168724e+12 4.411611e+03
335 2.146272e-04 1.583297e+07 1.167694e+12 4.439681e+03
336 2.151272e-04 1.585572e+07 1.167738e+12 4.457989e+03
337 2.157272e-04 1.588345e+07 1.168175e+12 4.475190e+03
338 2.164472e-04 1.591733e+07 1.168734e+12 4.500405e+03
339 2.173112e-04 1.595748e+07 1.169076e+12 4.546881e+03
340 2.178112e-04 1.598063e+07 1.168817e+12 4.566203e+03
341 2.183112e-04 1.600024e+07 1.168603e+12 4.584249e+03
342 2.189112e-04 1.602341e+07 1.168744e+12 4.597855e+03
343 2.196312e-04 1.605420e+07 1.168891e+12 4.620424e+03
344 2.204952e-04 1.609004e+07 1.170154e+12 4.660811e+03
345 2.209952e-04 1.611014e+07 1.169468e+12 4.684817e+03
346 2.214952e-04 1.612956e+07 1.168076e+12 4.711384e+03
347 2.220952e-04 1.615250e+07 1.168395e+12 4.724431e+03
348 2.228152e-04 1.617989e+07 1.168431e+12 4.755956e+03
349 2.236792e-04 1.621070e+07 1.169702e+12 4.787468e+03
350 2.246792e-04 1.624772e+07 1.169760e+12 4.841736e+03
351 2.256792e-04 1.628321e+07 1.170415e+12 4.883060e+03
352 2.261792e-04 1.630182e+07 1.170615e+12 4.901721e+03
353 2.266792e-04 1.631850e+07 1.169862e+12 4.922141e+03
354 2.272792e-04 1.633758e+07 1.169850e+12 4.942912e+03
355 2.279992e-04 1.635841e+07 1.170357e+12 4.965229e+03
356 2.288632e-04 1.638339e+07 1.169720e+12 5.033866e+03
357 2.298632e-04 1.641231e+07 1.170524e+12 5.079334e+03
358 2.308632e-04 1.644006e+07 1.171198e+12 5.112239e+03
359 2.318632e-04 1.647168e+07 1.172124e+12 5.138074e+03
360 2.328632e-04 1.650141e+07 1.172755e+12 5.198324e+03
361 2.338632e-04 1.652828e+07 1.173292e+12 5.273155e+03
362 2.343632e-04 1.654347e+07 1.173242e+12 5.299494e+03
363 2.348632e-04 1.655774e+07 1.172666e+12 5.327088e+03
364 2.354632e-04 1.657313e+07 1.173123e+12 5.348558e+03
365 2.361832e-04 1.659100e+07 1.173985e+12 5.365084e+03
366 2.370472e-04 1.661216e+07 1.175185e+12 5.389121e+03
367 2.380472e-04 1.663763e+07 1.176202e+12 5.421558e+03
368 2.385472e-04 1.665328e+07 1.176559e+12 5.442523e+03
369 2.390472e-04 1.666920e+07 1.176763e+12 5.456366e+03
370 2.396472e-04 1.668708e+07 1.176687e+12 5.483852e+03
371 2.403672e-04 1.670586e+07 1.177314e+12 5.501305e+03
372 2.412312e-04 1.672590e+07 1.178355e+12 5.522855e+03
373 2.417312e-04 1.674015e+07 1.178915e+12 5.536490e+03
374 2.422312e-04 1.675489e+07 1.179218e+12 5.552132e+03
375 2.428312e-04 1.677109e+07 1.179898e+12 5.566949e+03
376 2.435512e-04 1.678938e+07 1.180322e+12 5.597084e+03
377 2.444152e-04 1.681066e+07 1.180660e+12 5.626958e+03
378 2.454152e-04 1.683733e+07 1.181608e+12 5.660969e+03
379 2.464152e-04 1.686498e+07 1.182682e+12 5.694286e+03
380 2.474152e-04 1.689037e+07 1.183837e+12 5.718553e+03
381 2.484152e-04 1.691680e+07 1.184419e+12 5.777703e+03
382 2.489152e-04 1.693159e+07 1.183911e+12 5.805461e+03
383 2.494152e-04 1.694810e+07 1.183919e+12 5.827546e+03
384 2.500152e-04 1.696809e+07 1.184530e+12 5.847525e+03
385 2.507352e-04 1.698921e+07 1.185146e+12 5.867468e+03
386 2.515992e-04 1.701600e+07 1.185574e+12 5.897088e+03
387 2.520992e-04 1.703448e+07 1.185734e+12 5.914786e+03
388 2.525992e-04 1.705443e+07 1.185924e+12 5.929379e+03
389 2.531992e-04 1.707731e+07 1.186480e+12 5.946850e+03
390 2.539192e-04 1.710384e+07 1.186759e+12 5.976455e+03
391 2.547832e-04 1.713589e+07 1.187387e+12 6.000592e+03
392 2.552832e-04 1.715558e+07 1.187912e+12 6.018599e+03
393 2.557832e-04 1.717382e+07 1.187621e+12 6.031708e+03
394 2.563832e-04 1.719610e+07 1.187437e+12 6.056114e+03
395 2.571032e-04 1.722174e+07 1.187401e+12 6.083767e+03
396 2.579672e-04 1.724941e+07 1.186600e+12 6.140918e+03
397 2.584672e-04 1.726691e+07 1.186869e+12 6.159193e+03
398 2.589672e-04 1.728531e+07 1.186845e+12 6.172977e+03
399 2.595672e-04 1.730812e+07 1.187507e+12 6.190242e+03
400 2.602872e-04 1.733332e+07 1.187262e+12 6.219414e+03
401 2.611512e-04 1.736679e+07 1.187830e+12 6.248309e+03
402 2.621512e-04 1.740483e+07 1.188733e+12 6.289384e+03
403 2.626512e-04 1.742509e+07 1.188411e+12 6.311667e+03
404 2.631512e-04 1.744475e+07 1.188342e+12 6.332245e+03
405 2.637512e-04 1.746806e+07 1.189425e+12 6.364410e+03
406 2.644712e-04 1.749611e+07 1.189396e+12 6.406958e+03
407 2.653352e-04 1.752689e+07 1.189385e+12 6.473517e+03
408 2.658352e-04 1.754565e+07 1.189808e+12 6.496395e+03
409 2.663352e-04 1.756259e+07 1.189107e+12 6.522641e+03
410 2.669352e-04 1.758349e+07 1.189321e+12 6.557004e+03
411 2.676552e-04 1.760369e+07 1.189628e+12 6.576372e+03
412 2.680872e-04 1.761640e+07 1.189970e+12 6.590906e+03
413 2.685192e-04 1.762795e+07 1.190067e+12 6.602519e+03
414 2.690376e-04 1.764128e+07 1.190188e+12 6.628814e+03
415 2.696597e-04 1.765557e+07 1.190463e+12 6.652005e+03
416 2.704062e-04 1.767137e+07 1.190620e+12 6.678678e+03
417 2.713020e-04 1.768791e+07 1.191896e+12 6.723139e+03
418 2.723020e-04 1.770457e+07 1.192985e+12 6.794531e+03
419 2.733020e-04 1.771997e+07 1.193160e+12 6.868660e+03
420 2.743020e-04 1.773915e+07 1.192765e+12 6.942253e+03
421 2.748020e-04 1.774993e+07 1.192605e+12 6.969186e+03
422 2.753020e-04 1.776094e+07 1.192949e+12 6.984747e+03
423 2.759020e-04 1.777348e+07 1.193546e+12 6.999799e+03
424 2.766220e-04 1.778629e+07 1.194512e+12 7.018138e+03
425 2.774860e-04 1.779961e+07 1.195216e+12 7.053813e+03
426 2.779860e-04 1.780799e+07 1.195469e+12 7.074863e+03
427 2.784860e-04 1.781703e+07 1.195435e+12 7.092116e+03
428 2.790860e-04 1.782584e+07 1.195722e+12 7.112205e+03
429 2.798060e-04 1.783570e+07 1.196816e+12 7.132478e+03
430 2.806700e-04 1.784644e+07 1.198012e+12 7.172059e+03
431 2.816700e-04 1.785815e+07 1.198773e+12 7.239499e+03
432 2.821700e-04 1.786833e+07 1.198597e+12 7.271597e+03
433 2.826700e-04 1.787842e+07 1.198754e+12 7.292720e+03
434 2.832700e-04 1.788891e+07 1.199403e+12 7.322299e+03
435 2.839900e-04 1.790202e+07 1.200253e+12 7.349755e+03
436 2.848540e-04 1.791616e+07 1.201158e+12 7.392701e+03
437 2.858540e-04 1.792870e+07 1.203181e+12 7.446131e+03
438 2.868540e-04 1.794051e+07 1.204035e+12 7.498791e+03
439 2.878540e-04 1.794886e+07 1.204200e+12 7.554859e+03
440 2.888540e-04 1.795703e+07 1.205724e+12 7.609026e+03
441 2.898540e-04 1.796248e+07 1.205625e+12 7.654780e+03
442 2.903540e-04 1.796839e+07 1.205584e+12 7.685510e+03
443 2.908540e-04 1.797355e+07 1.205846e+12 7.710980e+03
444 2.914540e-04 1.797931e+07 1.206306e+12 7.733945e+03
445 2.921740e-04 1.798334e+07 1.206438e+12 7.776237e+03
446 2.930380e-04 1.798932e+07 1.207430e+12 7.806443e+03
447 2.935380e-04 1.799433e+07 1.208367e+12 7.824522e+03
448 2.940380e-04 1.799966e+07 1.208300e+12 7.844550e+03
449 2.946380e-04 1.800602e+07 1.209157e+12 7.871187e+03
450 2.953580e-04 1.801170e+07 1.210293e+12 7.893975e+03
451 2.962220e-04 1.801531e+07 1.211260e+12 7.939230e+03
452 2.972220e-04 1.801722e+07 1.213049e+12 7.980649e+03
453 2.982220e-04 1.801974e+07 1.213682e+12 8.019352e+03
454 2.992220e-04 1.802378e+07 1.215041e+12 8.051318e+03
455 3.002220e-04 1.802908e+07 1.216534e+12 8.075008e+03
456 3.012220e-04 1.803676e+07 1.218349e+12 8.099681e+03
457 3.022220e-04 1.804516e+07 1.219671e+12 8.141305e+03
458 3.032220e-04 1.805205e+07 1.221502e+12 8.198005e+03
459 3.042220e-04 1.805612e+07 1.222881e+12 8.244291e+03
460 3.052220e-04 1.805957e+07 1.224054e+12 8.324405e+03
461 3.057220e-04 1.806348e+07 1.223388e+12 8.349442e+03
462 3.062220e-04 1.806700e+07 1.223521e+12 8.371687e+03
463 3.068220e-04 1.807178e+07 1.224124e+12 8.391825e+03
464 3.075420e-04 1.807638e+07 1.225089e+12 8.420199e+03
465 3.084060e-04 1.808233e+07 1.225700e+12 8.465901e+03
466 3.094060e-04 1.808972e+07 1.226617e+12 8.523969e+03
467 3.104060e-04 1.809849e+07 1.226545e+12 8.619778e+03
468 3.114060e-04 1.810511e+07 1.227089e+12 8.729512e+03
469 3.124060e-04 1.811367e+07 1.228123e+12 8.786558e+03
470 3.134060e-04 1.812258e+07 1.229309e+12 8.823914e+03
471 3.144060e-04 1.813297e+07 1.231160e+12 8.864415e+03
472 3.154060e-04 1.814103e+07 1.232011e+12 8.918834e+03
473 3.164060e-04 1.814641e+07 1.233709e+12 8.950644e+03
474 3.174060e-04 1.815256e+07 1.235076e+12 8.991086e+03
475 3.184060e-04 1.815856e+07 1.236673e+12 9.028984e+03
476 3.194060e-04 1.816014e+07 1.237173e+12 9.100552e+03
477 3.199060e-04 1.816349e+07 1.237217e+12 9.134403e+03
478 3.204060e-04 1.816488e+07 1.237444e+12 9.154784e+03
479 3.210060e-04 1.816624e+07 1.237823e+12 9.180734e+03
480 3.217260e-04 1.816894e+07 1.238793e+12 9.208176e+03
481 3.225900e-04 1.817128e+07 1.240446e+12 9.245333e+03
482 3.235900e-04 1.817521e+07 1.241260e+12 9.315097e+03
483 3.240900e-04 1.818123e+07 1.241462e+12 9.341885e+03
484 3.245900e-04 1.818738e+07 1.241509e+12 9.361436e+03
485 3.251900e-04 1.819084e+07 1.241848e+12 9.383132e+03
486 3.259100e-04 1.819375e+07 1.242066e+12 9.429441e+03
487 3.267740e-04 1.819686e+07 1.242622e+12 9.479084e+03
488 3.277740e-04 1.820083e+07 1.243998e+12 9.515067e+03
489 3.282740e-04 1.820372e+07 1.244403e+12 9.535496e+03
490 3.287740e-04 1.820729e+07 1.244740e+12 9.552724e+03
491 3.293740e-04 1.821069e+07 1.245175e+12 9.581242e+03
492 3.300940e-04 1.821310e+07 1.245949e+12 9.609930e+03
493 3.309580e-04 1.821207e+07 1.247041e+12 9.646710e+03
494 3.314580e-04 1.821430e+07 1.247771e+12 9.667328e+03
495 3.319580e-04 1.821754e+07 1.247975e+12 9.691969e+03
496 3.325580e-04 1.822107e+07 1.249687e+12 9.719112e+03
497 3.332780e-04 1.822340e+07 1.249089e+12 9.745047e+03
498 3.341420e-04 1.822653e+07 1.250376e+12 9.782753e+03
499 3.351420e-04 1.822714e+07 1.251919e+12 9.822418e+03
500 3.356420e-04 1.823052e+07 1.252017e+12 9.845350e+03
501 3.361420e-04 1.823191e+07 1.251683e+12 9.873229e+03
502 3.367420e-04 1.823200e+07 1.252884e+12 9.901153e+03
503 3.374620e-04 1.823081e+07 1.253326e+12 9.940809e+03
504 3.383260e-04 1.822719e+07 1.253727e+12 9.995361e+03
505 3.388260e-04 1.822817e+07 1.254084e+12 1.002251e+04
506 3.393260e-04 1.823010e+07 1.253885e+12 1.004250e+04
507 3.399260e-04 1.823360e+07 1.254217e+12 1.007505e+04
508 3.406460e-04 1.823639e+07 1.255148e+12 1.010555e+04
509 3.415100e-04 1.823922e+07 1.256202e+12 1.013952e+04
510 3.425100e-04 1.823734e+07 1.257615e+12 1.022068e+04
511 3.435100e-04 1.823432e+07 1.256487e+12 1.032470e+04
512 3.440100e-04 1.823597e+07 1.255671e+12 1.035441e+04
513 3.445100e-04 1.823843e+07 1.255673e+12 1.038532e+04
514 3.451100e-04 1.824006e+07 1.256319e+12 1.041722e+04
515 3.458300e-04 1.824238e+07 1.256319e+12 1.047065e+04
516 3.462620e-04 1.824403e+07 1.256245e+12 1.049589e+04
517 3.466940e-04 1.824530e+07 1.256225e+12 1.052003e+04
518 3.472124e-04 1.824612e+07 1.256283e+12 1.054535e+04
519 3.478344e-04 1.824958e+07 1.256629e+12 1.058291e+04
520 3.485809e-04 1.825492e+07 1.256759e+12 1.061828e+04
521 3.494767e-04 1.825994e+07 1.258337e+12 1.068229e+04
522 3.504767e-04 1.826679e+07 1.258484e+12 1.077490e+04
523 3.514767e-04 1.827686e+07 1.258069e+12 1.086782e+04
524 3.524767e-04 1.828701e+07 1.258436e+12 1.094730e+04
525 3.534767e-04 1.830016e+07 1.258492e+12 1.102547e+04
526 3.544767e-04 1.831171e+07 1.258298e+12 1.110278e+04
527 3.554767e-04 1.832668e+07 1.259129e+12 1.115557e+04
528 3.564767e-04 1.834368e+07 1.258571e+12 1.124547e+04
529 3.574767e-04 1.835950e+07 1.258957e+12 1.130279e+04
530 3.584767e-04 1.837919e+07 1.259608e+12 1.135691e+04
531 3.594767e-04 1.839799e+07 1.260282e+12 1.139585e+04
532 3.604767e-04 1.841684e+07 1.261483e+12 1.145929e+04
533 3.614767e-04 1.843224e+07 1.260940e+12 1.153631e+04
534 3.624767e-04 1.844921e+07 1.260656e+12 1.160197e+04
535 3.634767e-04 1.846386e+07 1.261743e+12 1.167014e+04
536 3.644767e-04 1.847547e+07 1.262691e+12 1.171624e+04
537 3.654767e-04 1.848805e+07 1.263487e+12 1.180662e+04
538 3.664767e-04 1.850465e+07 1.264215e+12 1.186356e+04
539 3.674767e-04 1.852045e+07 1.264515e+12 1.192036e+04
540 3.684767e-04 1.853730e+07 1.266308e+12 1.198028e+04
541 3.694767e-04 1.855430e+07 1.267236e+12 1.204316e+04
542 3.704767e-04 1.857010e+07 1.266616e+12 1.211250e+04
543 3.714767e-04 1.857880e+07 1.266987e+12 1.216837e+04
544 3.719767e-04 1.858725e+07 1.267160e+12 1.219574e+04
545 3.724767e-04 1.859335e+07 1.267603e+12 1.221698e+04
546 3.730767e-04 1.860201e+07 1.268470e+12 1.224406e+04
547 3.737967e-04 1.860818e+07 1.267861e+12 1.228317e+04
548 3.746607e-04 1.861506e+07 1.268756e+12 1.232067e+04
549 3.751607e-04 1.862158e+07 1.269555e+12 1.234334e+04
550 3.756607e-04 1.862695e+07 1.269537e+12 1.236686e+04
551 3.762607e-04 1.863166e+07 1.269533e+12 1.239289e+04
552 3.769807e-04 1.863754e+07 1.270257e+12 1.242563e+04
553 3.778447e-04 1.864329e+07 1.270587e+12 1.247784e+04
554 3.788447e-04 1.865126e+07 1.271482e+12 1.253055e+04
555 3.798447e-04 1.866072e+07 1.272195e+12 1.260157e+04
556 3.808447e-04 1.866932e+07 1.272869e+12 1.265366e+04
557 3.818447e-04 1.867309e+07 1.273826e+12 1.272020e+04
558 3.823447e-04 1.867589e+07 1.274243e+12 1.276840e+04
559 3.828447e-04 1.867678e+07 1.272778e+12 1.280728e+04
560 3.834447e-04 1.867837e+07 1.272494e+12 1.285248e+04
561 3.841647e-04 1.868238e+07 1.272734e+12 1.290841e+04
562 3.850287e-04 1.868468e+07 1.272668e+12 1.297380e+04
563 3.860287e-04 1.868836e+07 1.274439e+12 1.303475e+04
564 3.870287e-04 1.869139e+07 1.274116e+12 1.310487e+04
565 3.880287e-04 1.869478e+07 1.275122e+12 1.316489e+04
566 3.890287e-04 1.869493e+07 1.275789e+12 1.324003e+04
567 3.900287e-04 1.869408e+07 1.275928e+12 1.333378e+04
568 3.910287e-04 1.869154e+07 1.276409e+12 1.341862e+04
569 3.920287e-04 1.868828e+07 1.277091e+12 1.347050e+04
570 3.930287e-04 1.868463e+07 1.277836e+12 1.354880e+04
571 3.940287e-04 1.868083e+07 1.277696e+12 1.361916e+04
572 3.950287e-04 1.867242e+07 1.278805e+12 1.368064e+04
573 3.960287e-04 1.866680e+07 1.280304e+12 1.376150e+04
574 3.970287e-04 1.865778e+07 1.281224e+12 1.382962e+04
575 3.980287e-04 1.864585e+07 1.282231e+12 1.387711e+04
576 3.990287e-04 1.864029e+07 1.284847e+12 1.392404e+04
577 3.995287e-04 1.864172e+07 1.284004e+12 1.395622e+04
578 4.000287e-04 1.864414e+07 1.284524e+12 1.397562e+04
579 4.003287e-04 1.864621e+07 1.284870e+12 1.398870e+04
580 4.006287e-04 1.864738e+07 1.284897e+12 1.400209e+04
581 4.009887e-04 1.864837e+07 1.285010e+12 1.401798e+04
582 4.014207e-04 1.864909e+07 1.285596e+12 1.403487e+04
583 4.019391e-04 1.864903e+07 1.286430e+12 1.405436e+04
584 4.025612e-04 1.864767e+07 1.286999e+12 1.407476e+04
585 4.033077e-04 1.864476e+07 1.287929e+12 1.410280e+04
586 4.042035e-04 1.864065e+07 1.289776e+12 1.413446e+04
587 4.052035e-04 1.863854e+07 1.291150e+12 1.421039e+04
588 4.062035e-04 1.863531e+07 1.291830e+12 1.426435e+04
589 4.063285e-04 1.863549e+07 1.291937e+12 1.427995e+04
590 4.064535e-04 1.863583e+07 1.291646e+12 1.428892e+04
591 4.066035e-04 1.863598e+07 1.291630e+12 1.429807e+04
592 4.067835e-04 1.863667e+07 1.291805e+12 1.430795e+04
593 4.069995e-04 1.863741e+07 1.292066e+12 1.431940e+04
594 4.072587e-04 1.863829e+07 1.292315e+12 1.433196e+04
595 4.075697e-04 1.863958e+07 1.292706e+12 1.434678e+04
596 4.079430e-04 1.864158e+07 1.293356e+12 1.436335e+04
597 4.083909e-04 1.864371e+07 1.294485e+12 1.438458e+04
598 4.089284e-04 1.864743e+07 1.295783e+12 1.441128e+04
599 4.095733e-04 1.865125e+07 1.296596e+12 1.443865e+04
600 4.103473e-04 1.865305e+07 1.296280e+12 1.451850e+04
601 4.108117e-04 1.865512e+07 1.296201e+12 1.454454e+04
602 4.112761e-04 1.865752e+07 1.296457e+12 1.456416e+04
603 4.118333e-04 1.866072e+07 1.296985e+12 1.458837e+04
604 4.125020e-04 1.866372e+07 1.298195e+12 1.461132e+04
605 4.133045e-04 1.866425e+07 1.299520e+12 1.463722e+04
606 4.142674e-04 1.866218e+07 1.300607e+12 1.467006e+04
607 4.152674e-04 1.866098e+07 1.301725e+12 1.473958e+04
608 4.157674e-04 1.866221e+07 1.301907e+12 1.476197e+04
609 4.162674e-04 1.866394e+07 1.302030e+12 1.478142e+04
610 4.168674e-04 1.866600e+07 1.302421e+12 1.481258e+04
611 4.175874e-04 1.866666e+07 1.301876e+12 1.487114e+04
612 4.180194e-04 1.866897e+07 1.302008e+12 1.489058e+04
613 4.184514e-04 1.867186e+07 1.302312e+12 1.490691e+04
614 4.189698e-04 1.867662e+07 1.302509e+12 1.492581e+04
615 4.195919e-04 1.868313e+07 1.302868e+12 1.494238e+04
616 4.203384e-04 1.869077e+07 1.303551e+12 1.496215e+04
617 4.212342e-04 1.869818e+07 1.304679e+12 1.499311e+04
618 4.222342e-04 1.870330e+07 1.305580e+12 1.504947e+04
619 4.232342e-04 1.870737e+07 1.306472e+12 1.515925e+04
620 4.237342e-04 1.871182e+07 1.305536e+12 1.519305e+04
621 4.242342e-04 1.871523e+07 1.305327e+12 1.522386e+04
622 4.248342e-04 1.872119e+07 1.305564e+12 1.524398e+04
623 4.255542e-04 1.872491e+07 1.305750e+12 1.527602e+04
624 4.264182e-04 1.872864e+07 1.306806e+12 1.530556e+04
625 4.274182e-04 1.873234e+07 1.308681e+12 1.538743e+04
626 4.284182e-04 1.873671e+07 1.308222e+12 1.552972e+04
627 4.294182e-04 1.875080e+07 1.310059e+12 1.565689e+04
628 4.304182e-04 1.876193e+07 1.311999e+12 1.575753e+04
629 4.309182e-04 1.876968e+07 1.310711e+12 1.579922e+04
630 4.314182e-04 1.877697e+07 1.307853e+12 1.584347e+04
631 4.320182e-04 1.878642e+07 1.306459e+12 1.589217e+04
632 4.327382e-04 1.879506e+07 1.306415e+12 1.593662e+04
633 4.336022e-04 1.880233e+07 1.306506e+12 1.598188e+04
634 4.346022e-04 1.881121e+07 1.306535e+12 1.605670e+04
635 4.356022e-04 1.882177e+07 1.306890e+12 1.615850e+04
636 4.366022e-04 1.883274e+07 1.306898e+12 1.625775e+04
637 4.371022e-04 1.883931e+07 1.308150e+12 1.629756e+04
638 4.376022e-04 1.884551e+07 1.307313e+12 1.633536e+04
639 4.382022e-04 1.885233e+07 1.307880e+12 1.640053e+04
640 4.389222e-04 1.885904e+07 1.307941e+12 1.644500e+04
641 4.397862e-04 1.886678e+07 1.309089e+12 1.648373e+04
642 4.407862e-04 1.887433e+07 1.309685e+12 1.657115e+04
643 4.412862e-04 1.888093e+07 1.309773e+12 1.661434e+04
644 4.417862e-04 1.888774e+07 1.309581e+12 1.664487e+04
645 4.423862e-04 1.889313e+07 1.309647e+12 1.667529e+04
646 4.431062e-04 1.889862e+07 1.310508e+12 1.671055e+04
647 4.439702e-04 1.890100e+07 1.310726e+12 1.675773e+04
648 4.444702e-04 1.890352e+07 1.310462e+12 1.678684e+04
649 4.449702e-04 1.890428e+07 1.309599e+12 1.681154e+04
650 4.455702e-04 1.890743e+07 1.309849e+12 1.683948e+04
651 4.462902e-04 1.891142e+07 1.310469e+12 1.687825e+04
652 4.471542e-04 1.891528e+07 1.311343e+12 1.692383e+04
653 4.476542e-04 1.891776e+07 1.311426e+12 1.695068e+04
654 4.481542e-04 1.892040e+07 1.311787e+12 1.696667e+04
655 4.487542e-04 1.892157e+07 1.312225e+12 1.700189e+04
656 4.494742e-04 1.892392e+07 1.313294e+12 1.703660e+04
657 4.503382e-04 1.892823e+07 1.313889e+12 1.709684e+04
658 4.513382e-04 1.893276e+07 1.314939e+12 1.721005e+04
659 4.523382e-04 1.893421e+07 1.315578e+12 1.730502e+04
660 4.533382e-04 1.893966e+07 1.314745e+12 1.747288e+04
661 4.543382e-04 1.894861e+07 1.317078e+12 1.758825e+04
662 4.553382e-04 1.895625e+07 1.315844e+12 1.766656e+04
663 4.558382e-04 1.896277e+07 1.315186e+12 1.771699e+04
664 4.563382e-04 1.896609e+07 1.314541e+12 1.774982e+04
665 4.569382e-04 1.897019e+07 1.314040e+12 1.779023e+04
666 4.576582e-04 1.897445e+07 1.313545e+12 1.784887e+04
667 4.585222e-04 1.898006e+07 1.313933e+12 1.790405e+04
668 4.590222e-04 1.898454e+07 1.314214e+12 1.792676e+04
669 4.595222e-04 1.899033e+07 1.314237e+12 1.795809e+04
670 4.601222e-04 1.899629e+07 1.314303e+12 1.799163e+04
671 4.608422e-04 1.900296e+07 1.314591e+12 1.803409e+04
672 4.617062e-04 1.901528e+07 1.314821e+12 1.810840e+04
673 4.627062e-04 1.903232e+07 1.315137e+12 1.818048e+04
674 4.632062e-04 1.904033e+07 1.314864e+12 1.822501e+04
675 4.637062e-04 1.905180e+07 1.315433e+12 1.825645e+04
676 4.643062e-04 1.906430e+07 1.315632e+12 1.828304e+04
677 4.650262e-04 1.907838e+07 1.316029e+12 1.832780e+04
678 4.658902e-04 1.909149e+07 1.317567e+12 1.836639e+04
679 4.663902e-04 1.910080e+07 1.317460e+12 1.841680e+04
680 4.668902e-04 1.910996e+07 1.317871e+12 1.845111e+04
681 4.674902e-04 1.911971e+07 1.318170e+12 1.848957e+04
682 4.682102e-04 1.913158e+07 1.318993e+12 1.851395e+04
683 4.690742e-04 1.914481e+07 1.320497e+12 1.854292e+04
684 4.700742e-04 1.916207e+07 1.321697e+12 1.862578e+04
685 4.710742e-04 1.918127e+07 1.322322e+12 1.868564e+04
686 4.715742e-04 1.919314e+07 1.322929e+12 1.871328e+04
687 4.720742e-04 1.920597e+07 1.323018e+12 1.873364e+04
688 4.726742e-04 1.922118e+07 1.323709e+12 1.875558e+04
689 4.733942e-04 1.923844e+07 1.324441e+12 1.877667e+04
690 4.738262e-04 1.924828e+07 1.324604e+12 1.879500e+04
691 4.742582e-04 1.925782e+07 1.325036e+12 1.880761e+04
692 4.747766e-04 1.926937e+07 1.325837e+12 1.882953e+04
693 4.753987e-04 1.928256e+07 1.326445e+12 1.884753e+04
694 4.761452e-04 1.929621e+07 1.327423e+12 1.886882e+04
695 4.770410e-04 1.931303e+07 1.328607e+12 1.891832e+04
696 4.780410e-04 1.933331e+07 1.329289e+12 1.900576e+04
697 4.790410e-04 1.935277e+07 1.329900e+12 1.912504e+04
698 4.800410e-04 1.936870e+07 1.331290e+12 1.916593e+04
699 4.810410e-04 1.938693e+07 1.333166e+12 1.923380e+04
700 4.820410e-04 1.941124e+07 1.334467e+12 1.930886e+04
701 4.830410e-04 1.943510e+07 1.335459e+12 1.936790e+04
702 4.840410e-04 1.945775e+07 1.336858e+12 1.942796e+04
703 4.850410e-04 1.948019e+07 1.337480e+12 1.950115e+04
704 4.860410e-04 1.949514e+07 1.338404e+12 1.955672e+04
705 4.870410e-04 1.951131e+07 1.339548e+12 1.961575e+04
706 4.880410e-04 1.952734e+07 1.340734e+12 1.970130e+04
707 4.885410e-04 1.953503e+07 1.341072e+12 1.973578e+04
708 4.890410e-04 1.954224e+07 1.341014e+12 1.976207e+04
709 4.893410e-04 1.954753e+07 1.341790e+12 1.978068e+04
710 4.896410e-04 1.955327e+07 1.342056e+12 1.979357e+04
711 4.900010e-04 1.955997e+07 1.342471e+12 1.980779e+04
712 4.904330e-04 1.956833e+07 1.342989e+12 1.982238e+04
713 4.909514e-04 1.957676e+07 1.343664e+12 1.985490e+04
714 4.915734e-04 1.958597e+07 1.344882e+12 1.987695e+04
715 4.923199e-04 1.959495e+07 1.345783e+12 1.991756e+04
716 4.932157e-04 1.960727e+07 1.347585e+12 1.995050e+04
717 4.942157e-04 1.961879e+07 1.349636e+12 1.999585e+04
718 4.947157e-04 1.962639e+07 1.350355e+12 2.001504e+04
719 4.952157e-04 1.963535e+07 1.351352e+12 2.003035e+04
720 4.958157e-04 1.964539e+07 1.352001e+12 2.005164e+04
721 4.965357e-04 1.965704e+07 1.353048e+12 2.008105e+04
722 4.973997e-04 1.966985e+07 1.354581e+12 2.012747e+04
723 4.978997e-04 1.967669e+07 1.355015e+12 2.015228e+04
724 4.983997e-04 1.968331e+07 1.355377e+12 2.017606e+04
725 4.989997e-04 1.969102e+07 1.356034e+12 2.019735e+04
726 4.997197e-04 1.969761e+07 1.356933e+12 2.023525e+04
727 5.005837e-04 1.970271e+07 1.358079e+12 2.027168e+04
728 5.015837e-04 1.970350e+07 1.359576e+12 2.030882e+04
729 5.020837e-04 1.970648e+07 1.360386e+12 2.033039e+04
730 5.025837e-04 1.970891e+07 1.361302e+12 2.034855e+04
731 5.031837e-04 1.971108e+07 1.362379e+12 2.036747e+04
732 5.039037e-04 1.971184e+07 1.363938e+12 2.039358e+04
733 5.047677e-04 1.970808e+07 1.365090e+12 2.042393e+04
734 5.052677e-04 1.970620e+07 1.365144e+12 2.044462e+04
735 5.057677e-04 1.970475e+07 1.365406e+12 2.047283e+04
736 5.063677e-04 1.970606e+07 1.366012e+12 2.049707e+04
737 5.070877e-04 1.970681e+07 1.367139e+12 2.051872e+04
738 5.079517e-04 1.970489e+07 1.368640e+12 2.054992e+04
739 5.084517e-04 1.970540e+07 1.369060e+12 2.057082e+04
740 5.089517e-04 1.970648e+07 1.369170e+12 2.059018e+04
741 5.095517e-04 1.970526e+07 1.369894e+12 2.061280e+04
742 5.102717e-04 1.970300e+07 1.370895e+12 2.064133e+04
743 5.111357e-04 1.969950e+07 1.372300e+12 2.067926e+04
744 5.112607e-04 1.969974e+07 1.372429e+12 2.069487e+04
745 5.113857e-04 1.970004e+07 1.372398e+12 2.070219e+04
746 5.115357e-04 1.970061e+07 1.372496e+12 2.070951e+04
747 5.117157e-04 1.970134e+07 1.372564e+12 2.071749e+04
748 5.119317e-04 1.970201e+07 1.372955e+12 2.072598e+04
749 5.121909e-04 1.970324e+07 1.373416e+12 2.073622e+04
750 5.125020e-04 1.970435e+07 1.373599e+12 2.074647e+04
751 5.128752e-04 1.970562e+07 1.374089e+12 2.076096e+04
752 5.133231e-04 1.970683e+07 1.374370e+12 2.078037e+04
753 5.138606e-04 1.970892e+07 1.374767e+12 2.080521e+04
754 5.145056e-04 1.971250e+07 1.375284e+12 2.084382e+04
755 5.152795e-04 1.971666e+07 1.376333e+12 2.087427e+04
756 5.157439e-04 1.972021e+07 1.376654e+12 2.089456e+04
757 5.162083e-04 1.972382e+07 1.377202e+12 2.090969e+04
758 5.167656e-04 1.972655e+07 1.378087e+12 2.093088e+04
759 5.174343e-04 1.972853e+07 1.378823e+12 2.095316e+04
760 5.182367e-04 1.972541e+07 1.379139e+12 2.103714e+04
761 5.187182e-04 1.972431e+07 1.379487e+12 2.106659e+04
762 5.191997e-04 1.972245e+07 1.379920e+12 2.108520e+04
763 5.197774e-04 1.971931e+07 1.380536e+12 2.111260e+04
764 5.204707e-04 1.971454e+07 1.381226e+12 2.113689e+04
765 5.213027e-04 1.970898e+07 1.382206e+12 2.117854e+04
766 5.218019e-04 1.970759e+07 1.381655e+12 2.122016e+04
767 5.223011e-04 1.970628e+07 1.382000e+12 2.125055e+04
768 5.229001e-04 1.970181e+07 1.381951e+12 2.127883e+04
769 5.236189e-04 1.969354e+07 1.382272e+12 2.130352e+04
770 5.244815e-04 1.968140e+07 1.383732e+12 2.133789e+04
771 5.249815e-04 1.967494e+07 1.383158e+12 2.137225e+04
772 5.254815e-04 1.966718e+07 1.382981e+12 2.139594e+04
773 5.260815e-04 1.965588e+07 1.383521e+12 2.142156e+04
774 5.268015e-04 1.964033e+07 1.384324e+12 2.145155e+04
775 5.276655e-04 1.961939e+07 1.385195e+12 2.149429e+04
776 5.281655e-04 1.960935e+07 1.384822e+12 2.152605e+04
777 5.286655e-04 1.959711e+07 1.384165e+12 2.154815e+04
778 5.292655e-04 1.958500e+07 1.384890e+12 2.156948e+04
779 5.299855e-04 1.957196e+07 1.386254e+12 2.159114e+04
780 5.308495e-04 1.955795e+07 1.388211e+12 2.162453e+04
781 5.313495e-04 1.955202e+07 1.388744e+12 2.164677e+04
782 5.318495e-04 1.954589e+07 1.389320e+12 2.167092e+04
783 5.324495e-04 1.954110e+07 1.389701e+12 2.171306e+04
784 5.331695e-04 1.953680e+07 1.390692e+12 2.176612e+04
785 5.336015e-04 1.953416e+07 1.390620e+12 2.179824e+04
786 5.340335e-04 1.953216e+07 1.390516e+12 2.182350e+04
787 5.345519e-04 1.953149e+07 1.390938e+12 2.184269e+04
788 5.351740e-04 1.952921e+07 1.392162e+12 2.186562e+04
789 5.359205e-04 1.952416e+07 1.392846e+12 2.190806e+04
790 5.368163e-04 1.951855e+07 1.394456e+12 2.194993e+04
791 5.378163e-04 1.951807e+07 1.394975e+12 2.207541e+04
792 5.388163e-04 1.951604e+07 1.395729e+12 2.216365e+04
793 5.398163e-04 1.951608e+07 1.395666e+12 2.228444e+04
794 5.403163e-04 1.951879e+07 1.395189e+12 2.232955e+04
795 5.408163e-04 1.951847e+07 1.394423e+12 2.236531e+04
796 5.414163e-04 1.951537e+07 1.394493e+12 2.241923e+04
797 5.421363e-04 1.950776e+07 1.393580e+12 2.247710e+04
798 5.430003e-04 1.949810e+07 1.394046e+12 2.254088e+04
799 5.440003e-04 1.949177e+07 1.396552e+12 2.261225e+04
800 5.450003e-04 1.949293e+07 1.397457e+12 2.268233e+04
801 5.455003e-04 1.949644e+07 1.396530e+12 2.273357e+04
802 5.460003e-04 1.949995e+07 1.396036e+12 2.276674e+04
803 5.466003e-04 1.950589e+07 1.396528e+12 2.279751e+04
804 5.473203e-04 1.951142e+07 1.397175e+12 2.284926e+04
805 5.481843e-04 1.951787e+07 1.397906e+12 2.292760e+04
806 5.486843e-04 1.952130e+07 1.398369e+12 2.295985e+04
807 5.491843e-04 1.952463e+07 1.398796e+12 2.298415e+04
808 5.497843e-04 1.952960e+07 1.399139e+12 2.301267e+04
809 5.505043e-04 1.953417e+07 1.399212e+12 2.304784e+04
810 5.513683e-04 1.953889e+07 1.398781e+12 2.313141e+04
811 5.523683e-04 1.953975e+07 1.398497e+12 2.323585e+04
812 5.533683e-04 1.954231e+07 1.398532e+12 2.333778e+04
813 5.543683e-04 1.954807e+07 1.400680e+12 2.343628e+04
814 5.548683e-04 1.955290e+07 1.399779e+12 2.347304e+04
815 5.553683e-04 1.955807e+07 1.399295e+12 2.350217e+04
816 5.559683e-04 1.956505e+07 1.399476e+12 2.353006e+04
817 5.566883e-04 1.957617e+07 1.400553e+12 2.355876e+04
818 5.571203e-04 1.958394e+07 1.401421e+12 2.358671e+04
819 5.575523e-04 1.959052e+07 1.401630e+12 2.361984e+04
820 5.580707e-04 1.959939e+07 1.401034e+12 2.364825e+04
821 5.586928e-04 1.961030e+07 1.401815e+12 2.368929e+04
822 5.594393e-04 1.962238e+07 1.402823e+12 2.373434e+04
823 5.603351e-04 1.963828e+07 1.402155e+12 2.383435e+04
824 5.613351e-04 1.964942e+07 1.403525e+12 2.391828e+04
825 5.623351e-04 1.965610e+07 1.402805e+12 2.402950e+04
826 5.633351e-04 1.966164e+07 1.405074e+12 2.407352e+04
827 5.643351e-04 1.966829e+07 1.405989e+12 2.414513e+04
828 5.653351e-04 1.967612e+07 1.406446e+12 2.424611e+04
829 5.663351e-04 1.968406e+07 1.405068e+12 2.443527e+04
830 5.668351e-04 1.969093e+07 1.404514e+12 2.446751e+04
831 5.673351e-04 1.969600e+07 1.403964e+12 2.449226e+04
832 5.679351e-04 1.970238e+07 1.403608e+12 2.452801e+04
833 5.686551e-04 1.970802e+07 1.404256e+12 2.456335e+04
834 5.695191e-04 1.971443e+07 1.405380e+12 2.461372e+04
835 5.700191e-04 1.972077e+07 1.406194e+12 2.465007e+04
836 5.705191e-04 1.972779e+07 1.406527e+12 2.466663e+04
837 5.711191e-04 1.973815e+07 1.406742e+12 2.470206e+04
838 5.718391e-04 1.974910e+07 1.407802e+12 2.473489e+04
839 5.727031e-04 1.975881e+07 1.408254e+12 2.479941e+04
840 5.732031e-04 1.976628e+07 1.408726e+12 2.484121e+04
841 5.737031e-04 1.977184e+07 1.406952e+12 2.487301e+04
842 5.743031e-04 1.978010e+07 1.406277e+12 2.494479e+04
843 5.750231e-04 1.979190e+07 1.406193e+12 2.499921e+04
844 5.758871e-04 1.980762e+07 1.406925e+12 2.504613e+04
845 5.768871e-04 1.983085e+07 1.407723e+12 2.508215e+04
846 5.778871e-04 1.985775e+07 1.408941e+12 2.511597e+04
847 5.788871e-04 1.988330e+07 1.409764e+12 2.517142e+04
848 5.798871e-04 1.990606e+07 1.410702e+12 2.523611e+04
849 5.808871e-04 1.992586e+07 1.411283e+12 2.529742e+04
850 5.813871e-04 1.994055e+07 1.411417e+12 2.532258e+04
851 5.818871e-04 1.995284e+07 1.412371e+12 2.534395e+04
852 5.824871e-04 1.996401e+07 1.412544e+12 2.538881e+04
853 5.832071e-04 1.997730e+07 1.411386e+12 2.548456e+04
854 5.840711e-04 1.999338e+07 1.410079e+12 2.560274e+04
855 5.850711e-04 2.001287e+07 1.410672e+12 2.565991e+04
856 5.860711e-04 2.003105e+07 1.412039e+12 2.571173e+04
857 5.870711e-04 2.004848e+07 1.412752e+12 2.577238e+04
858 5.880711e-04 2.006403e+07 1.412875e+12 2.586571e+04
859 5.890711e-04 2.007739e+07 1.413001e+12 2.594697e+04
860 5.900711e-04 2.009406e+07 1.414220e+12 2.603733e+04
861 5.910711e-04 2.010729e+07 1.413845e+12 2.611987e+04
862 5.920711e-04 2.011891e+07 1.413913e+12 2.620484e+04
863 5.930711e-04 2.012861e+07 1.414341e+12 2.626534e+04
864 5.940711e-04 2.013692e+07 1.414458e+12 2.638888e+04
865 5.950711e-04 2.014887e+07 1.417627e+12 2.649281e+04
866 5.960711e-04 2.015721e+07 1.415333e+12 2.665999e+04
867 5.970711e-04 2.017079e+07 1.417065e+12 2.677392e+04
868 5.980711e-04 2.017763e+07 1.415036e+12 2.686708e+04
869 5.990711e-04 2.019040e+07 1.415613e+12 2.698289e+04
870 6.000711e-04 2.019693e+07 1.416514e+12 2.707463e+04
871 6.010711e-04 2.020857e+07 1.416604e+12 2.715952e+04
872 6.015711e-04 2.021596e+07 1.416772e+12 2.719025e+04
873 6.020711e-04 2.022239e+07 1.416798e+12 2.721451e+04
874 6.026711e-04 2.022960e+07 1.417767e+12 2.724129e+04
875 6.033911e-04 2.023432e+07 1.417698e+12 2.732602e+04
876 6.042551e-04 2.024168e+07 1.418391e+12 2.740879e+04
877 6.052551e-04 2.025317e+07 1.418533e+12 2.748145e+04
878 6.057551e-04 2.026210e+07 1.418186e+12 2.752323e+04
879 6.062551e-04 2.027049e+07 1.418635e+12 2.754649e+04
880 6.068551e-04 2.028104e+07 1.419475e+12 2.757035e+04
881 6.075751e-04 2.029241e+07 1.420440e+12 2.759949e+04
882 6.084391e-04 2.030264e+07 1.421604e+12 2.766836e+04
883 6.094391e-04 2.031064e+07 1.422735e+12 2.774829e+04
884 6.104391e-04 2.032031e+07 1.423736e+12 2.781978e+04
885 6.114391e-04 2.032877e+07 1.423751e+12 2.794221e+04
886 6.124391e-04 2.033592e+07 1.424561e+12 2.800873e+04
887 6.134391e-04 2.034591e+07 1.425156e+12 2.809634e+04
888 6.144391e-04 2.035440e+07 1.424403e+12 2.817797e+04
889 6.149391e-04 2.035905e+07 1.424139e+12 2.820480e+04
890 6.154391e-04 2.036456e+07 1.424653e+12 2.823026e+04
891 6.160391e-04 2.036955e+07 1.425210e+12 2.827476e+04
892 6.167591e-04 2.037429e+07 1.425017e+12 2.831902e+04
893 6.176231e-04 2.038272e+07 1.426138e+12 2.838226e+04
894 6.181231e-04 2.038927e+07 1.426364e+12 2.841370e+04
895 6.186231e-04 2.039645e+07 1.426372e+12 2.845958e+04
896 6.192231e-04 2.040333e+07 1.426440e+12 2.850073e+04
897 6.199431e-04 2.040952e+07 1.426789e+12 2.859628e+04
898 6.208071e-04 2.041476e+07 1.427472e+12 2.866674e+04
899 6.213071e-04 2.041898e+07 1.426896e+12 2.870751e+04
900 6.218071e-04 2.042359e+07 1.426858e+12 2.873479e+04
901 6.224071e-04 2.042888e+07 1.427430e+12 2.875981e+04
902 6.231271e-04 2.043405e+07 1.428362e+12 2.879431e+04
903 6.239911e-04 2.043915e+07 1.430039e+12 2.882783e+04
904 6.249911e-04 2.044557e+07 1.430293e+12 2.890422e+04
905 6.254911e-04 2.045303e+07 1.430719e+12 2.894160e+04
906 6.259911e-04 2.046216e+07 1.430797e+12 2.898021e+04
907 6.265911e-04 2.047235e+07 1.430944e+12 2.902243e+04
908 6.273111e-04 2.048327e+07 1.430826e+12 2.906635e+04
909 6.281751e-04 2.049420e+07 1.432981e+12 2.914579e+04
910 6.291751e-04 2.050717e+07 1.432840e+12 2.926101e+04
911 6.296751e-04 2.051463e+07 1.432845e+12 2.929929e+04
912 6.301751e-04 2.052146e+07 1.432309e+12 2.933586e+04
913 6.307751e-04 2.052787e+07 1.431717e+12 2.938814e+04
914 6.314951e-04 2.053304e+07 1.432613e+12 2.942355e+04
915 6.323591e-04 2.053468e+07 1.433683e+12 2.948580e+04
916 6.328591e-04 2.053769e+07 1.434211e+12 2.952030e+04
917 6.333591e-04 2.053913e+07 1.434415e+12 2.956195e+04
918 6.339591e-04 2.054224e+07 1.434243e+12 2.960892e+04
919 6.346791e-04 2.054322e+07 1.434347e+12 2.969701e+04
920 6.355431e-04 2.054598e+07 1.433301e+12 2.982323e+04
921 6.360431e-04 2.054824e+07 1.433772e+12 2.987867e+04
922 6.365431e-04 2.055003e+07 1.432898e+12 2.992671e+04
923 6.371431e-04 2.055409e+07 1.433650e+12 2.995842e+04
924 6.378631e-04 2.055827e+07 1.434960e+12 2.999679e+04
925 6.387271e-04 2.056866e+07 1.435933e+12 3.005808e+04
926 6.392271e-04 2.057693e+07 1.436300e+12 3.008827e+04
927 6.397271e-04 2.058403e+07 1.436665e+12 3.010740e+04
928 6.403271e-04 2.059028e+07 1.437273e+12 3.014337e+04
929 6.410471e-04 2.059827e+07 1.438153e+12 3.019898e+04
930 6.419111e-04 2.060421e+07 1.438714e+12 3.029475e+04
931 6.429111e-04 2.061082e+07 1.440325e+12 3.040822e+04
932 6.439111e-04 2.061682e+07 1.440324e+12 3.051729e+04
933 6.449111e-04 2.061746e+07 1.440637e+12 3.062236e+04
934 6.459111e-04 2.062165e+07 1.440279e+12 3.072354e+04
935 6.469111e-04 2.062538e+07 1.440249e+12 3.082054e+04
936 6.479111e-04 2.062609e+07 1.439502e+12 3.095881e+04
937 6.489111e-04 2.062673e+07 1.439450e+12 3.103973e+04
938 6.494111e-04 2.062793e+07 1.438576e+12 3.107594e+04
939 6.499111e-04 2.062761e+07 1.438274e+12 3.110768e+04
940 6.505111e-04 2.062803e+07 1.438283e+12 3.113367e+04
941 6.512311e-04 2.062498e+07 1.438290e+12 3.120480e+04
942 6.520951e-04 2.061688e+07 1.438577e+12 3.131349e+04
943 6.525951e-04 2.061492e+07 1.439138e+12 3.134218e+04
944 6.530951e-04 2.061173e+07 1.438296e+12 3.138509e+04
945 6.536951e-04 2.060680e+07 1.438501e+12 3.142477e+04
946 6.544151e-04 2.059703e+07 1.439709e+12 3.145954e+04
947 6.552791e-04 2.058136e+07 1.441219e+12 3.152875e+04
948 6.562791e-04 2.056337e+07 1.442475e+12 3.158714e+04
949 6.572791e-04 2.054750e+07 1.443140e+12 3.165934e+04
950 6.582791e-04 2.052842e+07 1.444701e+12 3.171946e+04
951 6.592791e-04 2.051044e+07 1.445084e+12 3.181323e+04
952 6.602791e-04 2.049566e+07 1.447442e+12 3.190420e+04
953 6.612791e-04 2.048113e+07 1.449340e+12 3.197879e+04
954 6.614041e-04 2.048024e+07 1.448328e+12 3.199762e+04
955 6.615291e-04 2.047883e+07 1.446685e+12 3.200833e+04
956 6.616791e-04 2.047678e+07 1.446265e+12 3.201820e+04
957 6.618591e-04 2.047399e+07 1.446227e+12 3.202935e+04
958 6.620751e-04 2.047154e+07 1.446255e+12 3.204113e+04
959 6.623343e-04 2.046882e+07 1.446284e+12 3.205466e+04
960 6.626453e-04 2.046588e+07 1.446592e+12 3.206834e+04
961 6.630186e-04 2.046227e+07 1.447167e+12 3.208602e+04
962 6.634665e-04 2.045743e+07 1.447797e+12 3.210845e+04
963 6.640039e-04 2.045025e+07 1.448282e+12 3.213736e+04
964 6.646489e-04 2.044155e+07 1.448848e+12 3.218379e+04
965 6.654229e-04 2.042773e+07 1.448116e+12 3.228794e+04
966 6.663516e-04 2.041258e+07 1.447890e+12 3.239020e+04
967 6.673516e-04 2.039949e+07 1.448283e+12 3.252566e+04
968 6.683516e-04 2.038293e+07 1.449771e+12 3.260080e+04
969 6.693516e-04 2.037240e+07 1.451607e+12 3.269708e+04
970 6.703516e-04 2.036507e+07 1.452319e+12 3.280394e+04
971 6.713516e-04 2.036151e+07 1.451890e+12 3.288408e+04
972 6.723516e-04 2.035392e+07 1.452287e+12 3.297469e+04
973 6.733516e-04 2.034721e+07 1.452655e+12 3.307142e+04
974 6.743516e-04 2.034055e+07 1.453984e+12 3.316915e+04
975 6.753516e-04 2.033276e+07 1.453736e+12 3.325813e+04
976 6.763516e-04 2.032652e+07 1.454118e+12 3.333194e+04
977 6.773516e-04 2.032470e+07 1.456233e+12 3.339285e+04
978 6.783516e-04 2.032570e+07 1.456950e+12 3.347211e+04
979 6.793516e-04 2.032615e+07 1.456450e+12 3.360153e+04
980 6.803516e-04 2.032452e+07 1.456573e+12 3.373193e+04
981 6.813516e-04 2.031739e+07 1.457680e+12 3.380220e+04
982 6.823516e-04 2.031230e+07 1.458514e+12 3.385867e+04
983 6.833516e-04 2.030793e+07 1.459268e+12 3.391294e+04
984 6.843516e-04 2.030330e+07 1.460731e+12 3.400055e+04
985 6.853516e-04 2.029677e+07 1.460926e+12 3.409313e+04
986 6.858516e-04 2.029562e+07 1.460898e+12 3.413377e+04
987 6.863516e-04 2.029419e+07 1.460634e+12 3.416426e+04
988 6.869516e-04 2.029273e+07 1.460074e+12 3.421853e+04
989 6.876716e-04 2.029112e+07 1.460136e+12 3.426240e+04
990 6.885356e-04 2.028787e+07 1.461887e+12 3.430216e+04
991 6.895356e-04 2.028489e+07 1.462016e+12 3.437508e+04
992 6.905356e-04 2.028149e+07 1.463867e+12 3.449547e+04
993 6.915356e-04 2.028058e+07 1.462592e+12 3.463207e+04
994 6.925356e-04 2.028092e+07 1.462278e+12 3.476418e+04
995 6.935356e-04 2.027579e+07 1.462472e+12 3.486657e+04
996 6.945356e-04 2.026649e+07 1.462388e+12 3.497042e+04
997 6.955356e-04 2.025991e+07 1.463258e+12 3.505035e+04
998 6.965356e-04 2.025911e+07 1.464023e+12 3.515033e+04
999 6.975356e-04 2.025906e+07 1.462033e+12 3.532713e+04
1000 6.985356e-04 2.026358e+07 1.463765e+12 3.540520e+04
1001 6.995356e-04 2.027049e+07 1.464140e+12 3.551412e+04
1002 7.005356e-04 2.027946e+07 1.464976e+12 3.559583e+04
1003 7.010356e-04 2.028791e+07 1.465059e+12 3.562236e+04
1004 7.015356e-04 2.029371e+07 1.465343e+12 3.565707e+04
1005 7.021356e-04 2.030120e+07 1.465864e+12 3.568563e+04
1006 7.028556e-04 2.031047e+07 1.466705e+12 3.571556e+04
1007 7.037196e-04 2.032024e+07 1.467510e+12 3.576850e+04
1008 7.047196e-04 2.033387e+07 1.469417e+12 3.583268e+04
1009 7.057196e-04 2.034596e+07 1.471305e+12 3.589161e+04
1010 7.062196e-04 2.035417e+07 1.471780e+12 3.592161e+04
1011 7.067196e-04 2.036081e+07 1.472358e+12 3.594619e+04
1012 7.073196e-04 2.036820e+07 1.473533e+12 3.596877e+04
1013 7.080396e-04 2.037763e+07 1.475277e+12 3.599883e+04
1014 7.089036e-04 2.039049e+07 1.477315e+12 3.604540e+04
1015 7.099036e-04 2.040347e+07 1.478416e+12 3.610963e+04
1016 7.109036e-04 2.041797e+07 1.480126e+12 3.620169e+04
1017 7.119036e-04 2.043188e+07 1.482675e+12 3.625844e+04
1018 7.129036e-04 2.044508e+07 1.483792e+12 3.634902e+04
1019 7.139036e-04 2.045715e+07 1.484528e+12 3.648874e+04
1020 7.149036e-04 2.047128e+07 1.484854e+12 3.660644e+04
1021 7.159036e-04 2.048444e+07 1.482960e+12 3.677147e+04
1022 7.169036e-04 2.049738e+07 1.483868e+12 3.684763e+04
1023 7.179036e-04 2.050838e+07 1.484319e+12 3.691508e+04
1024 7.189036e-04 2.051141e+07 1.486421e+12 3.700212e+04
1025 7.199036e-04 2.051098e+07 1.487089e+12 3.711899e+04
1026 7.209036e-04 2.050504e+07 1.486565e+12 3.729905e+04
1027 7.219036e-04 2.050150e+07 1.487346e+12 3.743775e+04
1028 7.229036e-04 2.050378e+07 1.486483e+12 3.760576e+04
1029 7.239036e-04 2.051093e+07 1.486706e+12 3.778857e+04
1030 7.249036e-04 2.051783e+07 1.486614e+12 3.790508e+04
1031 7.259036e-04 2.052438e+07 1.487953e+12 3.794787e+04
1032 7.269036e-04 2.052859e+07 1.489614e+12 3.799552e+04
1033 7.274036e-04 2.053043e+07 1.489676e+12 3.803724e+04
1034 7.279036e-04 2.053215e+07 1.489894e+12 3.807063e+04
1035 7.285036e-04 2.053513e+07 1.490465e+12 3.809966e+04
1036 7.292236e-04 2.053548e+07 1.491833e+12 3.813410e+04
1037 7.300876e-04 2.053631e+07 1.492498e+12 3.821791e+04
1038 7.310876e-04 2.053280e+07 1.493831e+12 3.831509e+04
1039 7.315876e-04 2.053442e+07 1.492775e+12 3.837299e+04
1040 7.320876e-04 2.053725e+07 1.491812e+12 3.841522e+04
1041 7.326876e-04 2.053931e+07 1.492830e+12 3.845898e+04
1042 7.334076e-04 2.054200e+07 1.493074e+12 3.851701e+04
1043 7.342716e-04 2.054486e+07 1.492212e+12 3.863753e+04
1044 7.352716e-04 2.054522e+07 1.493459e+12 3.876803e+04
1045 7.362716e-04 2.054609e+07 1.495118e+12 3.886149e+04
1046 7.372716e-04 2.054766e+07 1.495328e+12 3.895019e+04
1047 7.382716e-04 2.055397e+07 1.496514e+12 3.902878e+04
1048 7.392716e-04 2.055982e+07 1.496265e+12 3.917286e+04
1049 7.397716e-04 2.056568e+07 1.495411e+12 3.921631e+04
1050 7.402716e-04 2.057337e+07 1.496179e+12 3.926360e+04
1051 7.408716e-04 2.058267e+07 1.497028e+12 3.930580e+04
1052 7.415916e-04 2.059281e+07 1.497363e+12 3.936143e+04
1053 7.424556e-04 2.060227e+07 1.497634e+12 3.943483e+04
1054 7.429556e-04 2.061044e+07 1.498812e+12 3.946242e+04
1055 7.434556e-04 2.061807e+07 1.499874e+12 3.948904e+04
1056 7.440556e-04 2.062866e+07 1.500813e+12 3.951995e+04
1057 7.447756e-04 2.064023e+07 1.501433e+12 3.956126e+04
1058 7.452076e-04 2.064765e+07 1.501586e+12 3.960214e+04
1059 7.456396e-04 2.065338e+07 1.502267e+12 3.963718e+04
1060 7.461580e-04 2.066079e+07 1.501801e+12 3.967350e+04
1061 7.467801e-04 2.066901e+07 1.502589e+12 3.973290e+04
1062 7.475266e-04 2.068079e+07 1.503531e+12 3.980535e+04
1063 7.484224e-04 2.069448e+07 1.504172e+12 3.990992e+04
1064 7.489224e-04 2.070184e+07 1.503476e+12 3.994460e+04
1065 7.494224e-04 2.070828e+07 1.503503e+12 3.997666e+04
1066 7.500224e-04 2.071684e+07 1.504194e+12 4.001173e+04
1067 7.507424e-04 2.072636e+07 1.505145e+12 4.006476e+04
1068 7.516064e-04 2.073719e+07 1.506535e+12 4.014313e+04
1069 7.521064e-04 2.074335e+07 1.505588e+12 4.018704e+04
1070 7.526064e-04 2.075141e+07 1.506484e+12 4.023647e+04
1071 7.532064e-04 2.075978e+07 1.505885e+12 4.028253e+04
1072 7.539264e-04 2.077126e+07 1.506041e+12 4.034190e+04
1073 7.543584e-04 2.077923e+07 1.505947e+12 4.037132e+04
1074 7.547904e-04 2.078750e+07 1.505633e+12 4.039605e+04
1075 7.553088e-04 2.079714e+07 1.506051e+12 4.044546e+04
1076 7.559309e-04 2.080939e+07 1.507559e+12 4.047825e+04
1077 7.566774e-04 2.082331e+07 1.508458e+12 4.054148e+04
1078 7.571253e-04 2.083282e+07 1.508724e+12 4.057762e+04
1079 7.575732e-04 2.084016e+07 1.508710e+12 4.060970e+04
1080 7.581107e-04 2.084993e+07 1.508874e+12 4.065472e+04
1081 7.587556e-04 2.086037e+07 1.508885e+12 4.072389e+04
1082 7.595296e-04 2.087418e+07 1.509546e+12 4.080326e+04
1083 7.604584e-04 2.088761e+07 1.510561e+12 4.088202e+04
1084 7.609584e-04 2.089744e+07 1.510432e+12 4.091392e+04
1085 7.614584e-04 2.090665e+07 1.510547e+12 4.093634e+04
1086 7.620584e-04 2.091721e+07 1.511464e+12 4.097969e+04
1087 7.627784e-04 2.092798e+07 1.512697e+12 4.101278e+04
1088 7.636424e-04 2.093879e+07 1.513338e+12 4.107744e+04
1089 7.641424e-04 2.094183e+07 1.512210e+12 4.111607e+04
1090 7.646424e-04 2.094421e+07 1.511643e+12 4.115605e+04
1091 7.652424e-04 2.094556e+07 1.511425e+12 4.120320e+04
1092 7.659624e-04 2.094720e+07 1.511989e+12 4.124725e+04
1093 7.668264e-04 2.094766e+07 1.513416e+12 4.130946e+04
1094 7.673264e-04 2.095143e+07 1.513232e+12 4.134105e+04
1095 7.678264e-04 2.095544e+07 1.513048e+12 4.137239e+04
1096 7.684264e-04 2.096026e+07 1.512888e+12 4.141157e+04
1097 7.691464e-04 2.096366e+07 1.513709e+12 4.144055e+04
1098 7.700104e-04 2.096439e+07 1.514310e+12 4.149386e+04
1099 7.710104e-04 2.096706e+07 1.515519e+12 4.155395e+04
1100 7.720104e-04 2.096750e+07 1.517076e+12 4.162600e+04
1101 7.725104e-04 2.096872e+07 1.518215e+12 4.166260e+04
1102 7.730104e-04 2.096826e+07 1.518047e+12 4.170615e+04
1103 7.736104e-04 2.096657e+07 1.518219e+12 4.175755e+04
1104 7.743304e-04 2.096135e+07 1.516969e+12 4.185099e+04
1105 7.751944e-04 2.095786e+07 1.517308e+12 4.190406e+04
1106 7.761944e-04 2.095716e+07 1.518858e+12 4.198445e+04
1107 7.771944e-04 2.095472e+07 1.519100e+12 4.207231e+04
1108 7.776944e-04 2.095533e+07 1.519095e+12 4.210930e+04
1109 7.781944e-04 2.095557e+07 1.519394e+12 4.214794e+04
1110 7.787944e-04 2.095469e+07 1.519853e+12 4.219104e+04
1111 7.795144e-04 2.095563e+07 1.519224e+12 4.226761e+04
1112 7.803784e-04 2.095312e+07 1.518875e+12 4.239203e+04
1113 7.813784e-04 2.094583e+07 1.518948e+12 4.253485e+04
1114 7.818784e-04 2.094536e+07 1.519124e+12 4.257768e+04
1115 7.823784e-04 2.094615e+07 1.518845e+12 4.262113e+04
1116 7.829784e-04 2.094637e+07 1.518705e+12 4.267326e+04
1117 7.836984e-04 2.094428e+07 1.519179e+12 4.275718e+04
1118 7.845624e-04 2.094340e+07 1.519291e+12 4.286230e+04
1119 7.855624e-04 2.093709e+07 1.520040e+12 4.297137e+04
1120 7.865624e-04 2.093056e+07 1.520139e+12 4.313933e+04
1121 7.875624e-04 2.092847e+07 1.520473e+12 4.331767e+04
1122 7.885624e-04 2.092192e+07 1.520192e+12 4.342793e+04
1123 7.895624e-04 2.092164e+07 1.521233e+12 4.353759e+04
1124 7.905624e-04 2.092369e+07 1.521734e+12 4.365169e+04
1125 7.915624e-04 2.092371e+07 1.522338e+12 4.379577e+04
1126 7.925624e-04 2.091929e+07 1.523256e+12 4.386150e+04
1127 7.930624e-04 2.091835e+07 1.522858e+12 4.390103e+04
1128 7.935624e-04 2.091645e+07 1.523031e+12 4.393510e+04
1129 7.941624e-04 2.091331e+07 1.524070e+12 4.396091e+04
1130 7.948824e-04 2.091022e+07 1.525314e+12 4.399954e+04
1131 7.957464e-04 2.090500e+07 1.527224e+12 4.404588e+04
1132 7.962464e-04 2.090158e+07 1.527498e+12 4.408593e+04
1133 7.967464e-04 2.089892e+07 1.527783e+12 4.412401e+04
1134 7.973464e-04 2.089653e+07 1.528480e+12 4.416353e+04
1135 7.980664e-04 2.089548e+07 1.528686e+12 4.425704e+04
1136 7.989304e-04 2.089433e+07 1.530392e+12 4.433799e+04
1137 7.994304e-04 2.089397e+07 1.530368e+12 4.439279e+04
1138 7.999304e-04 2.089231e+07 1.529601e+12 4.443889e+04
1139 8.005304e-04 2.089236e+07 1.530036e+12 4.449105e+04
1140 8.012504e-04 2.089316e+07 1.531266e+12 4.458158e+04
1141 8.016824e-04 2.089424e+07 1.530991e+12 4.463093e+04
1142 8.021144e-04 2.089577e+07 1.529718e+12 4.466624e+04
1143 8.026328e-04 2.089597e+07 1.529301e+12 4.469872e+04
1144 8.032548e-04 2.089584e+07 1.529782e+12 4.474026e+04
1145 8.040013e-04 2.089602e+07 1.530286e+12 4.479565e+04
1146 8.048971e-04 2.089965e+07 1.532045e+12 4.484284e+04
1147 8.058971e-04 2.090350e+07 1.533158e+12 4.493309e+04
1148 8.063971e-04 2.090763e+07 1.532949e+12 4.497433e+04
1149 8.068971e-04 2.091057e+07 1.533352e+12 4.500837e+04
1150 8.074971e-04 2.091221e+07 1.534124e+12 4.505612e+04
1151 8.082171e-04 2.090942e+07 1.534406e+12 4.512788e+04
1152 8.090811e-04 2.090432e+07 1.535356e+12 4.522402e+04
1153 8.095811e-04 2.090481e+07 1.535496e+12 4.525934e+04
1154 8.100811e-04 2.090410e+07 1.534938e+12 4.530318e+04
1155 8.106811e-04 2.090165e+07 1.535074e+12 4.535961e+04
1156 8.114011e-04 2.089816e+07 1.535514e+12 4.543038e+04
1157 8.118331e-04 2.089758e+07 1.535131e+12 4.546704e+04
1158 8.122651e-04 2.089715e+07 1.534875e+12 4.550474e+04
1159 8.127835e-04 2.089630e+07 1.534834e+12 4.554997e+04
1160 8.134056e-04 2.089308e+07 1.534040e+12 4.563777e+04
1161 8.141521e-04 2.088720e+07 1.533367e+12 4.571788e+04
1162 8.150479e-04 2.087719e+07 1.534750e+12 4.578196e+04
1163 8.160479e-04 2.086298e+07 1.535006e+12 4.595548e+04
1164 8.165479e-04 2.085445e+07 1.533170e+12 4.602681e+04
1165 8.170479e-04 2.084458e+07 1.531858e+12 4.606912e+04
1166 8.176479e-04 2.083238e+07 1.531427e+12 4.611810e+04
1167 8.183679e-04 2.081797e+07 1.530402e+12 4.620727e+04
1168 8.192319e-04 2.080536e+07 1.531137e+12 4.631020e+04
1169 8.197319e-04 2.079940e+07 1.530749e+12 4.635667e+04
1170 8.202319e-04 2.079384e+07 1.530410e+12 4.640567e+04
1171 8.208319e-04 2.078784e+07 1.530466e+12 4.645205e+04
1172 8.215519e-04 2.078032e+07 1.531734e+12 4.649915e+04
1173 8.219839e-04 2.077467e+07 1.531516e+12 4.654636e+04
1174 8.224159e-04 2.076837e+07 1.533542e+12 4.657991e+04
1175 8.229343e-04 2.076103e+07 1.533773e+12 4.663787e+04
1176 8.235564e-04 2.075250e+07 1.533991e+12 4.668560e+04
1177 8.243029e-04 2.073987e+07 1.535217e+12 4.673826e+04
1178 8.251987e-04 2.071814e+07 1.535672e+12 4.685857e+04
1179 8.256987e-04 2.070703e+07 1.536020e+12 4.690789e+04
1180 8.261987e-04 2.069690e+07 1.535762e+12 4.694764e+04
1181 8.267987e-04 2.068582e+07 1.536239e+12 4.702030e+04
1182 8.275187e-04 2.067066e+07 1.536807e+12 4.707665e+04
1183 8.279507e-04 2.066429e+07 1.536437e+12 4.711008e+04
1184 8.283827e-04 2.066030e+07 1.536350e+12 4.713854e+04
1185 8.286419e-04 2.065813e+07 1.536094e+12 4.715777e+04
1186 8.289011e-04 2.065627e+07 1.535845e+12 4.717495e+04
1187 8.292121e-04 2.065358e+07 1.536177e+12 4.719512e+04
1188 8.295854e-04 2.065126e+07 1.536619e+12 4.721712e+04
1189 8.300333e-04 2.064802e+07 1.536866e+12 4.724484e+04
1190 8.303020e-04 2.064635e+07 1.536593e+12 4.726684e+04
1191 8.305707e-04 2.064499e+07 1.536466e+12 4.728428e+04
1192 8.308932e-04 2.064346e+07 1.536343e+12 4.730149e+04
1193 8.312802e-04 2.064128e+07 1.536780e+12 4.732149e+04
1194 8.317446e-04 2.063892e+07 1.537151e+12 4.735156e+04
1195 8.323018e-04 2.063374e+07 1.538342e+12 4.738359e+04
1196 8.329706e-04 2.062719e+07 1.538326e+12 4.745029e+04
1197 8.337730e-04 2.061535e+07 1.538498e+12 4.752910e+04
1198 8.342545e-04 2.061142e+07 1.538590e+12 4.756721e+04
1199 8.347359e-04 2.060748e+07 1.539303e+12 4.759934e+04
1200 8.353137e-04 2.060487e+07 1.539763e+12 4.764302e+04
1201 8.360070e-04 2.060209e+07 1.540445e+12 4.771289e+04
1202 8.368390e-04 2.060270e+07 1.540773e+12 4.780431e+04
1203 8.373382e-04 2.060372e+07 1.542283e+12 4.785092e+04
1204 8.378374e-04 2.060657e+07 1.541863e+12 4.789624e+04
1205 8.384364e-04 2.060842e+07 1.541568e+12 4.797827e+04
1206 8.391552e-04 2.061393e+07 1.541880e+12 4.805568e+04
1207 8.400178e-04 2.061985e+07 1.542924e+12 4.811964e+04
1208 8.405178e-04 2.062220e+07 1.543606e+12 4.815514e+04
1209 8.410178e-04 2.062452e+07 1.542900e+12 4.820957e+04
1210 8.416178e-04 2.062737e+07 1.543515e+12 4.825291e+04
1211 8.423378e-04 2.062800e+07 1.542099e+12 4.834776e+04
1212 8.432018e-04 2.062701e+07 1.542453e+12 4.844589e+04
1213 8.437018e-04 2.062500e+07 1.543096e+12 4.848524e+04
1214 8.442018e-04 2.062051e+07 1.541473e+12 4.854515e+04
1215 8.448018e-04 2.061877e+07 1.542264e+12 4.858021e+04
1216 8.455218e-04 2.061696e+07 1.543167e+12 4.862534e+04
1217 8.463858e-04 2.061297e+07 1.544653e+12 4.867491e+04
1218 8.473858e-04 2.060766e+07 1.545673e+12 4.876547e+04
1219 8.478858e-04 2.060892e+07 1.545630e+12 4.881230e+04
1220 8.483858e-04 2.061210e+07 1.547080e+12 4.885675e+04
1221 8.489858e-04 2.061410e+07 1.547035e+12 4.892432e+04
1222 8.497058e-04 2.061545e+07 1.546447e+12 4.902318e+04
1223 8.501378e-04 2.061748e+07 1.546437e+12 4.906174e+04
1224 8.505698e-04 2.062085e+07 1.547207e+12 4.910465e+04
1225 8.510882e-04 2.062531e+07 1.547451e+12 4.914678e+04
1226 8.517103e-04 2.063026e+07 1.548129e+12 4.919412e+04
1227 8.524568e-04 2.063476e+07 1.548656e+12 4.925854e+04
1228 8.533526e-04 2.063384e+07 1.550229e+12 4.932925e+04
1229 8.538526e-04 2.063686e+07 1.550348e+12 4.936471e+04
1230 8.543526e-04 2.063897e+07 1.550338e+12 4.940063e+04
1231 8.549526e-04 2.064126e+07 1.550744e+12 4.944392e+04
1232 8.556726e-04 2.064353e+07 1.551940e+12 4.950391e+04
1233 8.565366e-04 2.064489e+07 1.553372e+12 4.959219e+04
1234 8.570366e-04 2.064662e+07 1.554071e+12 4.962818e+04
1235 8.575366e-04 2.064864e+07 1.553834e+12 4.966102e+04
1236 8.581366e-04 2.064918e+07 1.555200e+12 4.970474e+04
1237 8.588566e-04 2.064820e+07 1.554762e+12 4.979263e+04
1238 8.597206e-04 2.064796e+07 1.554963e+12 4.986973e+04
1239 8.602206e-04 2.065002e+07 1.553916e+12 4.993533e+04
1240 8.607206e-04 2.065031e+07 1.553795e+12 4.996999e+04
1241 8.613206e-04 2.064863e+07 1.553875e+12 5.001285e+04
1242 8.620406e-04 2.064314e+07 1.555039e+12 5.007676e+04
1243 8.629046e-04 2.063997e+07 1.556228e+12 5.013195e+04
1244 8.639046e-04 2.063879e+07 1.557284e+12 5.023609e+04
1245 8.649046e-04 2.064059e+07 1.557430e+12 5.036045e+04
1246 8.659046e-04 2.064054e+07 1.558489e+12 5.046735e+04
1247 8.669046e-04 2.064314e+07 1.558900e+12 5.062362e+04
1248 8.679046e-04 2.064556e+07 1.559710e+12 5.071877e+04
1249 8.689046e-04 2.064732e+07 1.561165e+12 5.080599e+04
1250 8.699046e-04 2.064460e+07 1.562057e+12 5.094671e+04
1251 8.709046e-04 2.063790e+07 1.562624e+12 5.108409e+04
1252 8.719046e-04 2.062764e+07 1.563592e+12 5.127552e+04
1253 8.724046e-04 2.062595e+07 1.560931e+12 5.134190e+04
1254 8.729046e-04 2.062302e+07 1.561032e+12 5.140868e+04
1255 8.732046e-04 2.062189e+07 1.561295e+12 5.143988e+04
1256 8.735046e-04 2.062025e+07 1.559783e+12 5.147073e+04
1257 8.738646e-04 2.061958e+07 1.559666e+12 5.149966e+04
1258 8.742966e-04 2.061935e+07 1.558896e+12 5.155325e+04
1259 8.748150e-04 2.062001e+07 1.558630e+12 5.159414e+04
1260 8.754371e-04 2.062215e+07 1.559143e+12 5.162665e+04
1261 8.761836e-04 2.062210e+07 1.559930e+12 5.168119e+04
1262 8.770794e-04 2.061836e+07 1.561577e+12 5.173769e+04
1263 8.780794e-04 2.061279e+07 1.561932e+12 5.185969e+04
1264 8.785794e-04 2.061215e+07 1.561431e+12 5.189870e+04
1265 8.790794e-04 2.061056e+07 1.561022e+12 5.194475e+04
1266 8.796794e-04 2.060739e+07 1.560630e+12 5.197840e+04
1267 8.803994e-04 2.060400e+07 1.561588e+12 5.200989e+04
1268 8.812634e-04 2.060284e+07 1.562529e+12 5.206431e+04
1269 8.817634e-04 2.060371e+07 1.562786e+12 5.209913e+04
1270 8.822634e-04 2.060488e+07 1.562792e+12 5.212936e+04
1271 8.828634e-04 2.060628e+07 1.562267e+12 5.218743e+04
1272 8.835834e-04 2.060892e+07 1.563133e+12 5.224613e+04
1273 8.844474e-04 2.061125e+07 1.563559e+12 5.234283e+04
1274 8.854474e-04 2.061278e+07 1.564736e+12 5.248201e+04
1275 8.864474e-04 2.061644e+07 1.564130e+12 5.261439e+04
1276 8.869474e-04 2.062010e+07 1.563923e+12 5.265420e+04
1277 8.874474e-04 2.062387e+07 1.564729e+12 5.270327e+04
1278 8.880474e-04 2.062769e+07 1.564068e+12 5.276007e+04
1279 8.887674e-04 2.063118e+07 1.563576e+12 5.285463e+04
1280 8.896314e-04 2.063376e+07 1.563836e+12 5.293280e+04
1281 8.906314e-04 2.063359e+07 1.565288e+12 5.303498e+04
1282 8.916314e-04 2.063140e+07 1.564624e+12 5.316597e+04
1283 8.921314e-04 2.063420e+07 1.564545e+12 5.321750e+04
1284 8.926314e-04 2.063517e+07 1.562373e+12 5.327562e+04
1285 8.932314e-04 2.063820e+07 1.561814e+12 5.332171e+04
1286 8.939514e-04 2.064299e+07 1.562643e+12 5.335649e+04
1287 8.948154e-04 2.064979e+07 1.564223e+12 5.340447e+04
1288 8.953154e-04 2.065582e+07 1.564472e+12 5.344776e+04
1289 8.958154e-04 2.066086e+07 1.564705e+12 5.348385e+04
1290 8.964154e-04 2.066738e+07 1.564956e+12 5.357030e+04
1291 8.971354e-04 2.067318e+07 1.565593e+12 5.364251e+04
1292 8.979994e-04 2.068000e+07 1.566704e+12 5.373190e+04
1293 8.984994e-04 2.068445e+07 1.567455e+12 5.377425e+04
1294 8.989994e-04 2.068996e+07 1.568646e+12 5.380232e+04
1295 8.995994e-04 2.069531e+07 1.568218e+12 5.385244e+04
1296 9.003194e-04 2.069675e+07 1.567715e+12 5.393057e+04
1297 9.011834e-04 2.070097e+07 1.568855e+12 5.399375e+04
1298 9.016834e-04 2.070637e+07 1.569963e+12 5.405416e+04
1299 9.021834e-04 2.071143e+07 1.569649e+12 5.410184e+04
1300 9.024834e-04 2.071535e+07 1.570799e+12 5.413207e+04
1301 9.027834e-04 2.071909e+07 1.569763e+12 5.415574e+04
1302 9.031434e-04 2.072304e+07 1.570525e+12 5.418093e+04
1303 9.035754e-04 2.072824e+07 1.571271e+12 5.421058e+04
1304 9.040938e-04 2.073445e+07 1.573027e+12 5.425059e+04
1305 9.047158e-04 2.073952e+07 1.574048e+12 5.430197e+04
1306 9.054623e-04 2.074585e+07 1.574649e+12 5.437260e+04
1307 9.063581e-04 2.075216e+07 1.576591e+12 5.445478e+04
1308 9.068581e-04 2.075817e+07 1.577017e+12 5.449966e+04
1309 9.071081e-04 2.076124e+07 1.576903e+12 5.452486e+04
1310 9.073581e-04 2.076403e+07 1.576759e+12 5.454619e+04
1311 9.076581e-04 2.076592e+07 1.576597e+12 5.456596e+04
1312 9.080181e-04 2.076755e+07 1.576640e+12 5.458878e+04
1313 9.084501e-04 2.076960e+07 1.577154e+12 5.462134e+04
1314 9.089685e-04 2.077134e+07 1.578047e+12 5.465655e+04
1315 9.095906e-04 2.077333e+07 1.578885e+12 5.470343e+04
1316 9.103371e-04 2.077446e+07 1.579449e+12 5.478973e+04
1317 9.107850e-04 2.077652e+07 1.580039e+12 5.482121e+04
1318 9.112329e-04 2.077859e+07 1.580988e+12 5.484950e+04
1319 9.117704e-04 2.078110e+07 1.582045e+12 5.488876e+04
1320 9.124154e-04 2.078279e+07 1.582374e+12 5.495531e+04
1321 9.131893e-04 2.078234e+07 1.583516e+12 5.500634e+04
1322 9.141181e-04 2.077920e+07 1.584993e+12 5.506831e+04
1323 9.151181e-04 2.077631e+07 1.585916e+12 5.519050e+04
1324 9.161181e-04 2.077290e+07 1.587225e+12 5.531439e+04
1325 9.166181e-04 2.077315e+07 1.587004e+12 5.536482e+04
1326 9.171181e-04 2.077132e+07 1.587008e+12 5.541088e+04
1327 9.177181e-04 2.076897e+07 1.586617e+12 5.546620e+04
1328 9.180781e-04 2.076732e+07 1.586549e+12 5.549917e+04
1329 9.184381e-04 2.076652e+07 1.586873e+12 5.552574e+04
1330 9.188701e-04 2.076520e+07 1.587085e+12 5.556398e+04
1331 9.193885e-04 2.076164e+07 1.587949e+12 5.561450e+04
1332 9.200106e-04 2.075544e+07 1.587640e+12 5.568968e+04
1333 9.207571e-04 2.074856e+07 1.589574e+12 5.575010e+04
1334 9.216529e-04 2.073996e+07 1.590026e+12 5.583159e+04
1335 9.226529e-04 2.072974e+07 1.591257e+12 5.594745e+04
1336 9.231529e-04 2.072554e+07 1.591726e+12 5.598088e+04
1337 9.234029e-04 2.072358e+07 1.592815e+12 5.600301e+04
1338 9.236529e-04 2.072143e+07 1.592557e+12 5.601955e+04
1339 9.239529e-04 2.071891e+07 1.592649e+12 5.604146e+04
1340 9.243129e-04 2.071466e+07 1.592691e+12 5.607499e+04
1341 9.247449e-04 2.071019e+07 1.593400e+12 5.611471e+04
1342 9.252633e-04 2.070435e+07 1.593672e+12 5.616632e+04
1343 9.258853e-04 2.069642e+07 1.595398e+12 5.622010e+04
1344 9.262586e-04 2.069335e+07 1.595939e+12 5.625383e+04
1345 9.266318e-04 2.069082e+07 1.594985e+12 5.628603e+04
1346 9.270797e-04 2.068865e+07 1.595232e+12 5.633427e+04
1347 9.276172e-04 2.068616e+07 1.595546e+12 5.637193e+04
1348 9.282622e-04 2.068190e+07 1.596305e+12 5.642172e+04
1349 9.290361e-04 2.068154e+07 1.597482e+12 5.649291e+04
1350 9.295005e-04 2.068546e+07 1.597003e+12 5.654116e+04
1351 9.299649e-04 2.069004e+07 1.597266e+12 5.658785e+04
1352 9.305222e-04 2.069640e+07 1.598143e+12 5.663483e+04
1353 9.311909e-04 2.070286e+07 1.598960e+12 5.668182e+04
1354 9.315921e-04 2.070751e+07 1.598807e+12 5.671181e+04
1355 9.319933e-04 2.071148e+07 1.599015e+12 5.673782e+04
1356 9.324748e-04 2.071597e+07 1.599325e+12 5.677456e+04
1357 9.330526e-04 2.071928e+07 1.599495e+12 5.681253e+04
1358 9.337459e-04 2.072414e+07 1.600537e+12 5.685701e+04
1359 9.345778e-04 2.073193e+07 1.602268e+12 5.690258e+04
1360 9.350770e-04 2.074014e+07 1.602660e+12 5.695780e+04
1361 9.355762e-04 2.074782e+07 1.602876e+12 5.699905e+04
1362 9.361752e-04 2.075637e+07 1.602863e+12 5.704111e+04
1363 9.368941e-04 2.076447e+07 1.603667e+12 5.708709e+04
1364 9.373254e-04 2.077025e+07 1.604091e+12 5.713402e+04
1365 9.377567e-04 2.077673e+07 1.604244e+12 5.716781e+04
1366 9.382742e-04 2.078538e+07 1.604727e+12 5.723094e+04
1367 9.388953e-04 2.079574e+07 1.605011e+12 5.728098e+04
1368 9.396406e-04 2.080575e+07 1.605102e+12 5.736319e+04
1369 9.405349e-04 2.081770e+07 1.605884e+12 5.750012e+04
1370 9.410349e-04 2.082655e+07 1.605637e+12 5.755112e+04
1371 9.415349e-04 2.083536e+07 1.605881e+12 5.758983e+04
1372 9.418349e-04 2.084094e+07 1.605922e+12 5.761766e+04
1373 9.421349e-04 2.084670e+07 1.605950e+12 5.764293e+04
1374 9.424949e-04 2.085349e+07 1.606517e+12 5.766815e+04
1375 9.429269e-04 2.086136e+07 1.607272e+12 5.769337e+04
1376 9.434453e-04 2.086952e+07 1.608139e+12 5.773273e+04
1377 9.437564e-04 2.087535e+07 1.608372e+12 5.776295e+04
1378 9.440674e-04 2.088015e+07 1.609084e+12 5.778887e+04
1379 9.444407e-04 2.088366e+07 1.609431e+12 5.781641e+04
1380 9.448885e-04 2.088771e+07 1.609862e+12 5.784822e+04
1381 9.454260e-04 2.089364e+07 1.610030e+12 5.789557e+04
1382 9.460710e-04 2.090012e+07 1.610807e+12 5.795507e+04
1383 9.468450e-04 2.090693e+07 1.611355e+12 5.801457e+04
1384 9.477737e-04 2.091443e+07 1.613388e+12 5.808980e+04
1385 9.482737e-04 2.091855e+07 1.613460e+12 5.813143e+04
1386 9.487737e-04 2.092026e+07 1.613197e+12 5.817679e+04
1387 9.493737e-04 2.091963e+07 1.612775e+12 5.822999e+04
1388 9.500937e-04 2.091388e+07 1.612689e+12 5.832716e+04
1389 9.509577e-04 2.090894e+07 1.612714e+12 5.843618e+04
1390 9.514577e-04 2.090757e+07 1.611787e+12 5.849399e+04
1391 9.519577e-04 2.090614e+07 1.610243e+12 5.855262e+04
1392 9.525577e-04 2.090626e+07 1.610306e+12 5.860419e+04
1393 9.532777e-04 2.090744e+07 1.610751e+12 5.866063e+04
1394 9.541417e-04 2.091173e+07 1.610908e+12 5.873584e+04
1395 9.546417e-04 2.091712e+07 1.610679e+12 5.878807e+04
1396 9.551417e-04 2.092193e+07 1.610935e+12 5.883480e+04
1397 9.557417e-04 2.092236e+07 1.610292e+12 5.892808e+04
1398 9.564617e-04 2.092487e+07 1.609950e+12 5.903348e+04
1399 9.573257e-04 2.092362e+07 1.610881e+12 5.910896e+04
1400 9.583257e-04 2.092045e+07 1.610914e+12 5.927296e+04
1401 9.588257e-04 2.092068e+07 1.611014e+12 5.931505e+04
1402 9.593257e-04 2.092201e+07 1.611349e+12 5.935184e+04
1403 9.599257e-04 2.092111e+07 1.610845e+12 5.940545e+04
1404 9.606457e-04 2.092059e+07 1.611563e+12 5.946706e+04
1405 9.615097e-04 2.092029e+07 1.610827e+12 5.962705e+04
1406 9.620097e-04 2.092185e+07 1.610500e+12 5.967603e+04
1407 9.625097e-04 2.092256e+07 1.610990e+12 5.972363e+04
1408 9.631097e-04 2.092238e+07 1.611232e+12 5.977875e+04
1409 9.638297e-04 2.091813e+07 1.611835e+12 5.984450e+04
1410 9.646937e-04 2.091299e+07 1.612806e+12 5.992756e+04
1411 9.651937e-04 2.091217e+07 1.612973e+12 5.998314e+04
1412 9.656937e-04 2.091094e+07 1.611986e+12 6.003776e+04
1413 9.662937e-04 2.091245e+07 1.611859e+12 6.010538e+04
1414 9.670137e-04 2.091523e+07 1.612672e+12 6.017724e+04
1415 9.678777e-04 2.091956e+07 1.612828e+12 6.026172e+04
1416 9.688777e-04 2.092457e+07 1.613414e+12 6.035116e+04
1417 9.698777e-04 2.093075e+07 1.616263e+12 6.044019e+04
1418 9.708777e-04 2.093387e+07 1.617121e+12 6.058003e+04
1419 9.713777e-04 2.093560e+07 1.617129e+12 6.063338e+04
1420 9.718777e-04 2.093852e+07 1.617451e+12 6.068711e+04
1421 9.724777e-04 2.093922e+07 1.617124e+12 6.077539e+04
1422 9.731977e-04 2.093826e+07 1.617611e+12 6.084762e+04
1423 9.740617e-04 2.093652e+07 1.618615e+12 6.093059e+04
1424 9.750617e-04 2.093063e+07 1.620117e+12 6.106999e+04
1425 9.755617e-04 2.093079e+07 1.620095e+12 6.111996e+04
1426 9.760617e-04 2.093134e+07 1.618954e+12 6.117961e+04
1427 9.766617e-04 2.093281e+07 1.619992e+12 6.123888e+04
1428 9.773817e-04 2.093614e+07 1.619439e+12 6.132609e+04
1429 9.782457e-04 2.093983e+07 1.620583e+12 6.140655e+04
1430 9.787457e-04 2.094411e+07 1.620720e+12 6.147031e+04
1431 9.792457e-04 2.094918e+07 1.618708e+12 6.156523e+04
1432 9.798457e-04 2.095522e+07 1.618517e+12 6.162040e+04
1433 9.805657e-04 2.096409e+07 1.618527e+12 6.167205e+04
1434 9.814297e-04 2.097610e+07 1.620610e+12 6.175034e+04
1435 9.819297e-04 2.098318e+07 1.620622e+12 6.180316e+04
1436 9.824297e-04 2.099005e+07 1.619312e+12 6.186251e+04
1437 9.830297e-04 2.099777e+07 1.618860e+12 6.191081e+04
1438 9.833897e-04 2.100287e+07 1.619471e+12 6.194983e+04
1439 9.837497e-04 2.100721e+07 1.619322e+12 6.198215e+04
1440 9.841817e-04 2.101143e+07 1.619068e+12 6.203394e+04
1441 9.847001e-04 2.101351e+07 1.618936e+12 6.208715e+04
1442 9.853222e-04 2.101552e+07 1.618329e+12 6.214220e+04
1443 9.856955e-04 2.101749e+07 1.617496e+12 6.218036e+04
1444 9.860687e-04 2.102091e+07 1.616831e+12 6.221267e+04
1445 9.865166e-04 2.102504e+07 1.616688e+12 6.224825e+04
1446 9.870541e-04 2.102915e+07 1.616769e+12 6.228921e+04
1447 9.876990e-04 2.103289e+07 1.617076e+12 6.233997e+04
1448 9.884730e-04 2.103771e+07 1.617601e+12 6.241731e+04
1449 9.889374e-04 2.104142e+07 1.617719e+12 6.245753e+04
1450 9.894018e-04 2.104286e+07 1.617986e+12 6.249674e+04
1451 9.899590e-04 2.104275e+07 1.618540e+12 6.254149e+04
1452 9.906277e-04 2.104179e+07 1.619246e+12 6.259041e+04
1453 9.914302e-04 2.103941e+07 1.619376e+12 6.265706e+04
1454 9.923931e-04 2.103921e+07 1.619951e+12 6.276335e+04
1455 9.933931e-04 2.104048e+07 1.621003e+12 6.284698e+04
1456 9.943931e-04 2.104473e+07 1.623445e+12 6.293723e+04
1457 9.953931e-04 2.103945e+07 1.624755e+12 6.310972e+04
1458 9.958931e-04 2.104110e+07 1.625311e+12 6.317642e+04
1459 9.963931e-04 2.104215e+07 1.624273e+12 6.325053e+04
1460 9.969931e-04 2.104480e+07 1.622587e+12 6.333497e+04
1461 9.977131e-04 2.104978e+07 1.621273e+12 6.347243e+04
1462 9.981451e-04 2.105407e+07 1.620029e+12 6.354426e+04
1463 9.985771e-04 2.105835e+07 1.619302e+12 6.358918e+04
1464 9.990955e-04 2.106366e+07 1.619691e+12 6.362870e+04
1465 9.994066e-04 2.106674e+07 1.619678e+12 6.365596e+04
1466 9.997176e-04 2.106964e+07 1.619862e+12 6.368264e+04
1467 1.000091e-03 2.107232e+07 1.620269e+12 6.372589e+04
1468 1.000539e-03 2.107524e+07 1.619299e+12 6.377765e+04
1469 1.001076e-03 2.107651e+07 1.619440e+12 6.383666e+04
1470 1.001721e-03 2.107661e+07 1.617911e+12 6.393996e+04
1471 1.002495e-03 2.107637e+07 1.619075e+12 6.402815e+04
1472 1.002960e-03 2.107771e+07 1.617972e+12 6.408671e+04
1473 1.003424e-03 2.107830e+07 1.616939e+12 6.412642e+04
1474 1.003981e-03 2.108201e+07 1.616941e+12 6.418059e+04
1475 1.004650e-03 2.108748e+07 1.617086e+12 6.423849e+04
1476 1.005452e-03 2.109664e+07 1.618459e+12 6.430993e+04
1477 1.006415e-03 2.110976e+07 1.621537e+12 6.443100e+04
1478 1.007415e-03 2.112123e+07 1.620597e+12 6.461292e+04
1479 1.008415e-03 2.113430e+07 1.620964e+12 6.476547e+04
1480 1.009415e-03 2.114980e+07 1.621380e+12 6.486999e+04
1481 1.010415e-03 2.115938e+07 1.621594e+12 6.500358e+04
1482 1.011415e-03 2.116266e+07 1.622150e+12 6.511634e+04
1483 1.012415e-03 2.116427e+07 1.623135e+12 6.523432e+04
1484 1.013415e-03 2.116556e+07 1.623975e+12 6.536604e+04
1485 1.014415e-03 2.117008e+07 1.623938e+12 6.553153e+04
1486 1.014540e-03 2.117127e+07 1.623405e+12 6.556008e+04
1487 1.014665e-03 2.117217e+07 1.622288e+12 6.557576e+04
1488 1.014815e-03 2.117357e+07 1.621922e+12 6.559215e+04
1489 1.014995e-03 2.117550e+07 1.621601e+12 6.561013e+04
1490 1.015211e-03 2.117823e+07 1.621543e+12 6.563096e+04
1491 1.015470e-03 2.118178e+07 1.621629e+12 6.565749e+04
1492 1.015782e-03 2.118586e+07 1.621567e+12 6.568466e+04
1493 1.016155e-03 2.119033e+07 1.621793e+12 6.571167e+04
1494 1.016603e-03 2.119534e+07 1.621950e+12 6.574436e+04
1495 1.017140e-03 2.120032e+07 1.621877e+12 6.578535e+04
1496 1.017785e-03 2.120504e+07 1.622154e+12 6.583810e+04
1497 1.018559e-03 2.120879e+07 1.622886e+12 6.591347e+04
1498 1.019488e-03 2.121322e+07 1.624503e+12 6.599590e+04
1499 1.020488e-03 2.121675e+07 1.625707e+12 6.614052e+04
1500 1.021488e-03 2.121943e+07 1.627082e+12 6.628679e+04
1501 1.021988e-03 2.122270e+07 1.625768e+12 6.636804e+04
1502 1.022488e-03 2.122537e+07 1.624663e+12 6.641692e+04
1503 1.023088e-03 2.122695e+07 1.625121e+12 6.651716e+04
1504 1.023808e-03 2.122925e+07 1.622737e+12 6.666235e+04
1505 1.024672e-03 2.123367e+07 1.622922e+12 6.678274e+04
1506 1.025672e-03 2.123538e+07 1.622627e+12 6.688255e+04
1507 1.026672e-03 2.124323e+07 1.623179e+12 6.706694e+04
1508 1.027672e-03 2.125485e+07 1.624185e+12 6.719077e+04
1509 1.028672e-03 2.126331e+07 1.624353e+12 6.731587e+04
1510 1.029672e-03 2.127082e+07 1.624735e+12 6.741882e+04
1511 1.030172e-03 2.127619e+07 1.622648e+12 6.748954e+04
1512 1.030672e-03 2.128158e+07 1.621640e+12 6.753260e+04
1513 1.031272e-03 2.128551e+07 1.620507e+12 6.760233e+04
1514 1.031992e-03 2.129154e+07 1.620914e+12 6.765895e+04
1515 1.032856e-03 2.129762e+07 1.619754e+12 6.779528e+04
1516 1.033856e-03 2.130243e+07 1.620402e+12 6.793772e+04
1517 1.034356e-03 2.130798e+07 1.617864e+12 6.800478e+04
1518 1.034856e-03 2.131252e+07 1.616821e+12 6.803932e+04
1519 1.035456e-03 2.131914e+07 1.617007e+12 6.809091e+04
1520 1.036176e-03 2.132969e+07 1.617989e+12 6.814814e+04
1521 1.037040e-03 2.134210e+07 1.618853e+12 6.819260e+04
1522 1.038040e-03 2.135367e+07 1.620755e+12 6.826791e+04
1523 1.039040e-03 2.136496e+07 1.621474e+12 6.839730e+04
1524 1.040040e-03 2.137709e+07 1.624468e+12 6.851631e+04
1525 1.040540e-03 2.138650e+07 1.623375e+12 6.857568e+04
1526 1.041040e-03 2.139394e+07 1.623551e+12 6.862648e+04
1527 1.041640e-03 2.140263e+07 1.623841e+12 6.870780e+04
1528 1.042360e-03 2.141333e+07 1.623164e+12 6.881827e+04
1529 1.043224e-03 2.142969e+07 1.624603e+12 6.892064e+04
1530 1.044224e-03 2.144657e+07 1.626376e+12 6.904046e+04
1531 1.045224e-03 2.146644e+07 1.626475e+12 6.924496e+04
1532 1.046224e-03 2.148580e+07 1.627697e+12 6.936002e+04
1533 1.047224e-03 2.150233e+07 1.629115e+12 6.950589e+04
1534 1.048224e-03 2.151357e+07 1.631817e+12 6.963725e+04
1535 1.048724e-03 2.151969e+07 1.630795e+12 6.969240e+04
1536 1.049224e-03 2.152568e+07 1.629736e+12 6.975292e+04
1537 1.049824e-03 2.153347e+07 1.629375e+12 6.981241e+04
1538 1.050544e-03 2.154209e+07 1.628856e+12 6.987980e+04
1539 1.051408e-03 2.155197e+07 1.630094e+12 6.995539e+04
1540 1.052408e-03 2.156720e+07 1.631196e+12 7.004462e+04
1541 1.053408e-03 2.158106e+07 1.631011e+12 7.015463e+04
1542 1.054408e-03 2.160228e+07 1.631803e+12 7.027468e+04
1543 1.055408e-03 2.162383e+07 1.632509e+12 7.038233e+04
1544 1.056408e-03 2.164874e+07 1.631733e+12 7.049784e+04
1545 1.057408e-03 2.167915e+07 1.633098e+12 7.057337e+04
1546 1.058408e-03 2.171018e+07 1.633915e+12 7.066464e+04
1547 1.058908e-03 2.172553e+07 1.633983e+12 7.072601e+04
1548 1.059408e-03 2.174131e+07 1.634474e+12 7.076903e+04
1549 1.060008e-03 2.175712e+07 1.633993e+12 7.083019e+04
1550 1.060728e-03 2.177531e+07 1.634935e+12 7.089638e+04
1551 1.061592e-03 2.179537e+07 1.636689e+12 7.095340e+04
1552 1.062092e-03 2.180525e+07 1.636170e+12 7.099744e+04
1553 1.062592e-03 2.181651e+07 1.636883e+12 7.103009e+04
1554 1.063192e-03 2.183038e+07 1.637164e+12 7.108048e+04
1555 1.063912e-03 2.184766e+07 1.637618e+12 7.114614e+04
1556 1.064776e-03 2.187358e+07 1.638563e+12 7.123376e+04
1557 1.065276e-03 2.188926e+07 1.638603e+12 7.128760e+04
1558 1.065776e-03 2.190546e+07 1.638353e+12 7.132139e+04
1559 1.066376e-03 2.192172e+07 1.638582e+12 7.137521e+04
1560 1.067096e-03 2.193909e+07 1.639339e+12 7.144796e+04
1561 1.067960e-03 2.196105e+07 1.641288e+12 7.152636e+04
1562 1.068960e-03 2.198392e+07 1.642898e+12 7.161760e+04
1563 1.069460e-03 2.199562e+07 1.643200e+12 7.167212e+04
1564 1.069960e-03 2.200713e+07 1.643213e+12 7.172716e+04
1565 1.070560e-03 2.202031e+07 1.643194e+12 7.178514e+04
1566 1.071280e-03 2.203776e+07 1.644569e+12 7.185539e+04
1567 1.072144e-03 2.205535e+07 1.644316e+12 7.199744e+04
1568 1.072269e-03 2.205834e+07 1.644138e+12 7.202554e+04
1569 1.072394e-03 2.206134e+07 1.643426e+12 7.203963e+04
1570 1.072544e-03 2.206508e+07 1.643478e+12 7.205414e+04
1571 1.072724e-03 2.206917e+07 1.643630e+12 7.207041e+04
1572 1.072940e-03 2.207385e+07 1.643794e+12 7.208802e+04
1573 1.073199e-03 2.207930e+07 1.643949e+12 7.210902e+04
1574 1.073510e-03 2.208550e+07 1.644382e+12 7.213374e+04
1575 1.073883e-03 2.209324e+07 1.644407e+12 7.216504e+04
1576 1.074331e-03 2.210247e+07 1.644494e+12 7.220804e+04
1577 1.074869e-03 2.211295e+07 1.644230e+12 7.226612e+04
1578 1.075514e-03 2.212652e+07 1.645420e+12 7.231703e+04
1579 1.076288e-03 2.214355e+07 1.646311e+12 7.243326e+04
1580 1.077216e-03 2.216281e+07 1.647152e+12 7.264453e+04
1581 1.078216e-03 2.218092e+07 1.646662e+12 7.284768e+04
1582 1.079216e-03 2.219219e+07 1.648200e+12 7.296741e+04
1583 1.080216e-03 2.220276e+07 1.650216e+12 7.305003e+04
1584 1.081216e-03 2.221702e+07 1.650792e+12 7.327100e+04
1585 1.081716e-03 2.222476e+07 1.651298e+12 7.333432e+04
1586 1.082216e-03 2.223152e+07 1.650391e+12 7.340499e+04
1587 1.082816e-03 2.223546e+07 1.650194e+12 7.348761e+04
1588 1.083536e-03 2.224023e+07 1.649613e+12 7.357987e+04
1589 1.083752e-03 2.224328e+07 1.649236e+12 7.360837e+04
1590 1.083968e-03 2.224592e+07 1.648143e+12 7.363137e+04
1591 1.084228e-03 2.224881e+07 1.647781e+12 7.365474e+04
1592 1.084539e-03 2.225148e+07 1.647870e+12 7.367770e+04
1593 1.084912e-03 2.225448e+07 1.648294e+12 7.370224e+04
1594 1.085360e-03 2.225642e+07 1.648814e+12 7.373378e+04
1595 1.085897e-03 2.225685e+07 1.649545e+12 7.377342e+04
1596 1.086542e-03 2.225738e+07 1.650470e+12 7.382497e+04
1597 1.087316e-03 2.225789e+07 1.652541e+12 7.387930e+04
1598 1.088245e-03 2.225387e+07 1.655442e+12 7.399830e+04
1599 1.089245e-03 2.224873e+07 1.656800e+12 7.417033e+04
1600 1.089745e-03 2.224886e+07 1.655218e+12 7.422630e+04
